18.06517641406934
17.921734951818873
17.991745439876926
18.03243464518187
18.02087075265599
18.07430963518268
18.008667159326123
17.94016219586823
17.92948314303281
17.959187586091396
17.961633272555037
17.998394727304998
17.932802647161754
17.967484942159324
17.936437526769165
18.07879372530926
17.92357159140936
18.004993454921507
18.06092874845572
18.015480635058385
17.919059285160362
18.048950815150377
18.00320635894674
17.987569547182954
18.023205935808466
17.94732643651448
17.984351474649248
17.91518435285174
18.059006683471555
18.042690670343152
17.971973253758648
18.045079939756253
17.958745697455072
17.929432553536813
18.000883163024845
18.041396426431252
17.923373014048874
17.951877749057342
18.02043223349489
18.01905715876624
17.93866981458743
18.081505622340764
18.027721925734863
17.92832036298103
18.029994568122405
17.954094228755057
17.97219901336247
17.997537107429935
17.96178266686725
18.055218146278214
18.002095048132134
18.015663290568128
17.93699626115068
18.002459536726
18.026941035580517
17.977900335179175
17.978302496905364
17.993573092809818
18.010635773389676
17.99004472433185
17.950019726051433
18.076781572155067
17.97595559739751
18.074610323738444
18.05907871977038
18.030432856882644
17.960162698984732
18.006727634048048
18.086659428415864
18.047913074027445
18.054705385918382
18.087870638161057
18.032579110996167
18.05570951807446
18.04122360288032
18.065302175365307
17.98020250017696
17.99020396863274
18.044251269984844
17.97743485828193
18.07512197019501
17.942759533646754
17.926317742757387
17.97641101894643
18.04066960372728
17.972112189853622
18.0558023110471
18.04282878836628
18.02687497048773
17.926515552884595
17.985291411625713
17.982400632487344
17.946448177058866
18.003392559457016
17.98724589415186
18.022089046859026
17.999136367610348
18.046618988293417
18.030104671655884
18.015832813411926
17.96300974786669
18.065550922231537
18.03755456649746
18.014291655316587
17.9638541119029
17.91785007580667
17.927881081767946
18.053814972080616
18.0160754677784
17.956364779315138
17.967006703816498
18.02699346214059
17.93943219431615
17.936778800989696
17.962055616964257
18.064553893402355
17.964609143447703
18.01431694330562
18.00702294126313
17.945685431079102
18.049123085182078
17.913494739910377
18.02458772532657
18.061551694736384
18.008449350014832
17.988806996136404
18.052468188013112
18.03736347517478
18.00205425668932
18.08356428472236
17.991481266033638
17.97253783443443
17.965401876543844
17.994171147053063
18.033660761063846
17.987802612673704
18.046679557183847
17.98189047572764
18.01147479004947
17.934825862688818
17.999883742393646
17.97676056155678
17.935363471368742
17.93435644933034
18.020588871281937
17.95797826653915
17.981600947757364
18.029248604088636
18.037751225569732
17.93159721446922
17.962596572022452
18.063476517792413
18.034088176944138
17.93216403926997
17.962983982185488
17.950681403790366
17.918664939794954
17.97086528699164
17.921165508260447
17.972449282163314
17.98185664673973
18.051453925899185
17.975406701601823
18.052787433453314
18.013340290277238
18.007451395585996
18.06587847313389
18.00838590897592
17.952660282009045
17.93049295001881
17.96519663906502
17.929376889754128
18.081029739741336
18.0375114674182
18.074620198045373
17.938195524826302
17.924288944862376
18.036291750954604
18.08225490698749
18.06687216613588
18.05073943535493
18.016932980541412
18.002642948554666
18.00945395675464
17.964188882041647
18.038271357031945
17.94857364301666
18.06683583428367
17.982700944835816
17.96657916940611
17.9370193626631
17.941647874878193
17.976917769156966
18.046279321467956
17.959273076978242
18.05281758169229
18.089275137193663
18.03893924773831
17.916465367651156
18.071888586896705
18.01174166045223
18.066335758155763
17.943213705706412
17.922505636964026
18.033468863561296
17.934820328784838
18.04344246847771
17.966455197876183
17.91977322753655
18.088437278927447
18.00346386906039
17.968300503306402
18.08687294535619
18.062355206337514
18.010783056422536
18.011546276374204
17.982670910478138
18.00137895415189
18.061744638793428
18.04710153844227
18.06068333641715
17.959728989554744
17.97418229457164
17.961977950176745
17.983973535604118
17.945626480561156
18.01901403033354
18.03170105787185
18.056236840060734
17.928971839993462
18.04975813111217
17.96506997213285
18.05401065451491
18.070940105475216
17.93826060007193
18.00811210725153
18.07635784210781
17.997992317353
18.0494443456486
18.01213189917877
18.06684954318156
18.024130113456096
17.965296069884936
18.023679194417422
17.95787983105914
18.06351744751363
18.0524161685132
17.938061271471557
18.070678167585
17.950258580991413
17.98576337265683
17.996814027179422
17.94203851731211
17.91973806528191
17.91936473363225
18.031057464721748
18.045157154908985
17.96056455208772
17.921995075911735
18.043709554175877
18.02937855318706
17.94719927866537
17.972290697469425
18.028006504779842
17.95279866755941
18.021689100085297
17.936907831112578
18.06801143330633
18.01751250999069
17.962719133631555
18.069032766087677
17.919771394525835
18.03976038742151
17.912772025694444
18.074177748944855
18.05794684119707
17.98874104278365
18.086100669486598
17.96189081996228
17.968447936076423
18.075994298666956
18.054050334388783
18.057300959594667
18.051118473114023
18.031640078960038
17.978243416852116
17.913416954946012
17.911989815807036
18.008990162339884
17.915619489102028
18.040598290099116
18.078864516546258
18.001679942913558
17.933587322583335
18.05689643260261
17.955678121989276
18.042207225025056
17.961007763244247
17.927596664432283
17.998076428168716
18.06436078640601
17.993724001070916
18.04948599657479
18.014091840580193
17.97591803482908
17.991105491679495
18.07317730501508
18.020488190682247
18.063521888913197
17.97380483832692
17.998348090989133
17.93552641272856
17.96560333300814
17.99365852627133
18.01631842186447
17.959827192908634
18.05752776353415
17.95485196663011
18.01853115622306
18.037453597943692
18.012328150946676
18.065391901051893
18.008287279115144
17.93380148597941
18.008409867611924
18.06874852843429
18.028207632797432
18.02051845613964
18.052805277377626
18.03542627912962
18.033609230018737
18.083085519305747
17.957712181832818
17.951805873298785
18.05956303760283
17.99602380989913
17.924010720200606
17.94918760081579
17.950376077370024
17.917830146948205
17.97130066244236
17.976619639055862
18.036223422404024
17.913908343257265
17.930002039488194
17.94653530246002
18.0066273014972
17.99321320687524
17.91959784184408
17.962009892754363
18.013028708020347
18.066534264774614
18.05781733620514
17.918909414438964
17.92890269852882
17.92687415850734
17.915249309268653
17.94460293471679
18.045055586645596
17.986639531065443
18.010840102058403
17.972315402190233
17.93538030892558
17.910659125075732
18.032104865497107
17.999258345222085
17.94524522702179
17.912774476146545
17.992022957432027
18.055862094190726
17.959088143149714
18.061529028718155
18.00550691223917
17.957450089305294
17.944611016125517
17.99628278515953
18.05032269914634
17.96833106505041
18.00000099767893
17.948130041966476
17.91264225813175
18.023572096046138
17.920820696231214
18.088979836459984
17.98482403898377
17.92474030134158
17.992696738815262
17.956628344659638
17.981859112388936
18.068907574214126
17.993120265752815
17.932409040224837
18.0477406605684
17.955685107407156
18.002887403784584
18.0266995567441
18.05996451516304
18.0608301198483
17.990858316704458
18.020806901127738
18.02185266568444
17.987695003286433
18.086181242267784
18.03503220783184
17.936866752091536
17.926209290023483
17.988688051394917
18.045947515602247
17.915437716864517
17.980526717326878
17.94640070627313
17.977555021756295
18.057471028380725
17.91110960727066
17.930430266257172
18.034811286281055
18.080755289386154
17.988594468028094
17.99259571725884
17.924408435207763
17.983826169308717
18.01307758141739
17.91225187475888
17.995324442504725
17.934435986405642
18.07597726240556
17.974254404397303
18.086841201346008
18.04520420217826
18.089440775951
18.060793147593447
17.98032824681152
17.940869061513812
17.938050214262564
18.086853097941326
17.966666978194016
18.070800580773227
18.033307107291964
18.04523049502458
17.946835736955272
17.937220777000523
18.016581272720156
17.965394121339763
17.97101685905052
17.925425340290904
18.058350356366677
18.052288700393596
17.998189114819077
17.932473556332475
18.005588038991203
18.066935496355445
18.04141425896969
17.921529040252253
18.08514083356747
17.941525816499556
17.94341262849312
17.915201923853576
17.932878462122037
18.055346340992994
17.92778006856107
18.075213361950695
18.05262303157538
17.948268086824918
17.91491413729725
18.052176286095914
18.06960006537977
17.93143764179444
18.02184182087685
18.01631591886782
17.965241260166977
17.99024573284744
18.034268538716486
17.92803016207543
18.03246259807486
17.996589851079634
18.02738776185891
18.01829587715898
18.069470711402612
17.935515381453474
17.980409473263688
18.075506268483682
18.02021265953898
18.06242829265461
18.025866569923437
17.978286372110425
18.089757022658606
18.061948557671613
17.957128900287877
18.06451085065006
18.026859809028537
17.97548989420377
17.922948207750956
17.916316778762944
17.922264941754122
18.060038539738613
18.006727253530965
18.055291847015273
18.01348804696916
17.95030939712604
18.06454798381509
17.947722040561864
17.9124936614592
18.07039342905973
18.002219507074763
17.937878346945105
18.020464466442913
18.04504975605941
17.96235650375248
17.96827236324276
18.088239149201215
18.045962607410384
17.98954959395997
17.93130863247732
17.983413674164247
18.0676377986121
17.946845918057882
18.08853503036335
17.943556781654102
17.980728372289754
17.984208549852575
17.95116696987683
17.97282190077254
17.976583720531703
18.019753373942983
18.069483381102142
17.94783301173767
17.99624240934169
17.929043229354782
18.02694380989282
18.051267158976735
18.036180681037933
17.929725486886465
18.064015015529456
18.037940062852016
18.017887566396272
18.089260366354647
18.048419317095117
17.94056382067096
17.964690971466553
17.938801570376093
17.926383278119303
17.934824111696027
18.01711239532328
17.941919628359397
17.940929554712067
17.96863365128525
18.08256016305336
17.939255880084822
18.0636550585238
17.94259321009
17.935838771511193
17.918601794090666
17.99814769090918
18.024232547567035
18.072097943007275
17.934683091092243
18.03443015038051
17.949751498159685
18.043549322183782
18.008314220993924
17.9648416608513
18.087975919346718
18.006383987530167
18.04957099453567
17.99203743634792
18.04418387480161
18.040800379781388
18.040010428957306
18.052682498979376
18.084051982462878
18.047826266066984
17.997880799882896
18.06875667706655
18.086617565985645
17.963287943529437
18.031388537391347
18.05207276548497
18.00385150112599
17.95242232280557
18.08289506766159
17.91848451644147
17.939095384083522
17.97039131979857
18.030682854192367
17.925404291006508
17.934257739597474
18.035422314561544
17.981696812567552
18.024941121207043
17.93128133631789
18.06495910812428
17.95624264009343
17.92785249612725
17.95436902687141
17.968159237163505
18.066296057780338
17.9262721858307
17.957570995975118
18.057571586301876
18.03190946598715
17.923345743396315
18.001326171071543
17.981313465815624
17.999986205471906
17.951810895332486
18.038344525495468
17.96321343098172
18.041759857816004
18.075825105254964
18.019690295075073
18.044715444754637
18.015614947682547
18.045204063125635
17.983706571984072
17.94227616967819
18.010179823668754
18.00527021911636
18.04536513846638
17.92417391422337
18.03579495673215
18.089013996044102
17.984809262518077
18.00579451517892
18.03122313589512
18.026045686091198
18.05322454931453
17.9826294913355
18.052245929208116
17.9691755251583
18.063938832154374
18.065778768991173
18.00862190849795
17.915997144418853
18.08139265022017
18.0454558802105
17.930825321437037
18.04299711977026
18.067504937805953
17.98048789956739
18.01125872029061
18.076071739349572
18.05684337668204
17.987183029159322
17.99745855171791
18.081405009917745
17.992698199189615
17.99639662397133
17.94596037490464
18.047172268649415
18.00454363411498
18.085106410438954
17.95246433236661
17.953904273194123
18.052321457523746
17.936201478220095
17.999985960907114
18.04775909867309
18.03582148025805
17.9127178320946
18.075626988381675
17.9153148353928
17.932786758132572
18.05498899391279
17.959404471105227
17.957361521800564
17.97718621248293
18.064290419286458
17.98205415042459
18.041436694586782
17.91394287669972
18.068992803258357
18.06343288358058
17.96909016036184
17.99108798991563
17.946961838769656
17.967418323929355
17.99210104950491
18.027416652278834
17.992837433425255
18.049343755232954
17.91257719072629
18.006589467569906
18.041265660337793
17.98872112943938
17.916729874399106
17.91900828566143
18.03388905167692
18.047122838267967
18.01471825041759
18.0883175020874
18.018157270424187
18.05460141475605
17.932888803203355
18.08158060156701
18.081332473775927
17.98015427675022
18.01094454916443
17.964767164727697
18.08468176721565
17.997393508880467
17.95670954163528
17.986403802648912
17.93516887410217
17.934049523838283
18.01554758498023
18.050982532161466
17.979386451585505
18.055178564579215
18.066463161807818
17.986769965056627
17.915530150844976
17.94464434261524
17.97669773469503
18.05603342208411
17.988563241888755
17.99558301274729
17.958199536538444
18.064471202854065
17.98419131400687
18.083633939900498
18.01797523184855
17.912444578665635
17.952434489276335
17.97229791857182
18.060768758577648
17.923349435614806
17.933505777723603
17.999535242065253
18.015487464511626
17.968606065828364
17.93982105707074
17.934284778510744
17.990036031244603
18.044559313036796
17.973716740065623
17.95423370549021
17.939552052076653
18.067420975690872
17.989531369009924
18.073965040096898
17.911367763779037
18.00885706864792
17.946629314418274
17.963566183406325
18.008931242979543
18.085165364293772
17.924649825080586
18.01176781798254
18.034224359920625
18.00170730771327
17.94247450202671
17.98045150604423
18.06294983339456
18.006886566593092
17.962719975896228
18.040759429070107
17.95595151734301
18.055406979209604
17.910199175403598
17.915556177640244
17.969196796008422
17.997648245679876
17.99660363101038
17.986125902282684
17.957161774786826
17.969872755261022
18.088342978672905
17.924179001376423
18.080602582346653
18.044324649662393
17.97827582374803
17.966750996892905
18.07529968706384
18.034506454700757
18.02044425423578
17.92016777991422
17.96176847392232
18.045002120043794
17.959017132145643
18.066614718263885
18.003713342800392
17.917477643198456
18.060879585514993
17.99086533851854
17.964295861175604
18.013225875160288
17.988699031915477
17.990979645107963
17.97090838037058
18.04037174381037
17.99541537561345
18.07108734044578
17.952017315712272
18.034564933752787
17.964621719836526
17.936426391630217
17.956018477769376
18.07575892517004
18.018610674078797
17.988166555500218
17.98080745808474
18.025809281764857
18.047980629738923
18.041838783135752
17.92931988491837
17.948446246687222
18.045416578119518
18.041542705292414
17.913215756720053
18.038242418794596
18.004816070537796
18.01369239562351
17.952600878954094
18.02101566871108
17.955361305955893
17.99032293202612
18.088636452536026
18.0851402856201
17.925220796526926
18.002565474736905
18.031557985027685
17.953723831798495
18.02126017483901
17.950640518755634
18.04442763681037
18.068125987594332
18.02094783379833
18.00687484008202
17.987116937997023
17.949350102889444
17.91581708040139
18.014889108908587
17.944966588750525
18.029401114797782
18.038858260114658
17.92465948859144
18.06997376531684
17.93672667690719
17.932443704706944
17.983797309808896
17.967435666587626
17.95116657787947
17.91853508626114
18.002985161560755
17.99924135893077
18.016974938112508
18.03316683987764
18.008408011569852
18.082694733497156
17.974277961783013
18.05685202750179
17.971710949748196
18.07578129360165
17.93413324765374
17.97514576968215
17.944240251345445
17.969873899185988
17.971054366651735
17.940069189181106
17.983034554574296
18.004301013388222
18.028211577699604
17.970270360927202
18.089487209089146
17.977620423939754
18.063158324684537
17.964408303006678
18.08568868958152
18.075688835799298
18.07075798977132
17.93636710352807
18.05065294263785
18.067154782604053
18.066282586598053
18.004206111274982
17.96626020577374
17.929690274072552
18.036857420879375
17.936796507433215
17.95092330684378
17.926603047346568
18.067050908698565
18.02326725111205
17.960550104203698
17.919006785607795
18.089558322674723
18.041051351135707
17.92579569713555
18.06039092869711
18.02450931847539
17.937504105544463
17.924469397125538
18.088814873205177
18.038107268922914
18.019379478870185
18.074362840531357
17.984683404407498
17.964945936488085
18.083901865019435
17.926354547800567
18.0529375106592
17.92435915331535
18.07169980734732
17.94536637019041
18.033564716387374
17.96146843882762
17.976797817067954
17.951141131477872
17.95261070759529
17.98370192015666
17.992649802225756
18.018068905757627
18.04838724539677
18.042415294026643
18.024164749111645
18.032615103893022
18.004544642163577
18.03880805968983
17.91761805455664
17.915369451345192
17.92093717842061
17.942990242287692
17.983403096063224
17.995114082128918
17.963615296563994
18.06783750009853
18.025888128211164
18.020119849246992
18.033850137628203
18.06805308455207
18.068978906831294
17.954620932776425
17.931907849831852
17.923708400603918
17.977002745730438
18.000482782327303
18.082041554412044
17.93271565242694
18.041825371698973
17.942030517018935
17.93380312562182
17.932652407401427
17.98688595405713
18.01537875620163
18.06065357799728
18.064901223665945
18.016140943904073
17.917307717687777
18.004311875473473
17.919164348169627
18.05566057546865
18.04864247213231
17.978952923569665
17.925628089483737
17.924769595646787
18.04122518270403
17.91638450284168
18.02504238433247
18.02580536645951
18.002511768166976
17.93588371421484
18.06848447928503
18.044243978092005
18.024824660721716
17.991255417234317
18.022355816978106
17.916782439336227
17.944381380661486
18.008759811061687
17.963936555277158
17.951413764203068
18.033715892361766
18.02284641953955
18.05683062240095
17.955376711428137
18.089871557820103
17.979100526357684
17.95372186942063
17.965535055617135
17.96942388463963
17.921221310155406
17.972500330229277
17.984744606645155
17.913994832345548
17.983312758297863
18.036782421033344
17.919075980254213
17.996232130123836
17.964754124087058
17.915952380958526
17.965442400793314
17.935050012936447
17.95715287449575
18.0479285640982
17.97134075239855
17.994618649233345
17.97963111240547
18.070002300089648
17.97918930076747
17.931758266441374
17.92679376335205
17.981243015703154
18.065096521668604
17.914131999179855
17.92908256938347
17.91390173511949
17.938484817031643
18.08090109956004
17.966354965876388
18.010554507954794
18.055617391537762
18.025260652790323
17.932709257666122
17.982997026978097
18.013629075210364
18.045047136902305
18.075254629134573
17.973444331109782
17.979876569500313
18.0274319720468
17.925769790490985
17.91398391075475
18.081693733306057
18.015454773807047
18.04488793699809
18.01826843963168
17.99081572416805
17.98682084865783
17.983655449987932
17.923936331425544
18.060113066623586
18.053883984715615
17.954726966801434
18.068233254257713
18.041564030766676
18.02418375354788
18.016908547889013
17.991543033783987
17.965699620067166
18.070981799594072
18.05428522240958
17.985508309661483
18.023748091283966
17.938143699384018
18.009959931195965
17.943086790512364
17.995080690592648
17.917883715885296
18.077187816593682
18.054311371631005
18.025241085096788
18.061490498681646
17.968705749818866
18.080567851296266
18.049857135118213
17.923874649075287
18.05301868284092
17.982939152816535
18.002907621323033
18.08236139997583
17.972390773930545
18.005998611944353
18.072027611486316
17.954275120565267
18.009232767229285
18.03899695454369
18.00620800075774
17.970422689299774
18.030276297562196
18.005614278489038
18.0354119183774
17.928843292143206
17.986906785612483
17.968979502003947
18.076900362959567
18.086631740892322
17.910645138503824
18.00656076825007
17.939039100993703
17.957974869333228
18.045844680503606
17.94259603587051
17.925123202543197
17.943283451192634
18.053504151132785
18.06827603936471
18.042369570743524
17.930953859691726
17.985783690740185
18.00669913997752
18.037219319826615
18.043660252959032
18.06723858916751
17.99046132881787
17.929242675804062
17.917892251294116
17.931844746616992
17.929420443261666
18.01786235068642
18.08796899790432
18.03928272459648
17.9604644270066
17.91330671680948
18.07999097027664
18.021278042871614
17.922758039621
18.060391748069836
17.930988727387035
18.086117939089622
18.047164111335732
18.049493819489147
18.045872184449337
17.971570303236486
17.96218162023705
18.03477546434127
17.972922102249523
18.02256130786604
18.003679871773304
18.034589131554537
18.025818126783495
18.023124277784955
18.02644941324897
17.939718865278937
18.022185618617748
18.057491633493647
18.038882323377656
17.99811535266318
17.966466495407285
17.913377750280905
17.92295419125685
18.075970541618045
18.039564680083835
18.07526349239413
17.974234791831005
17.91274497546446
17.929052318702894
18.08939467009115
18.034495760736917
18.086298137004192
18.024211788144914
18.053048757630084
17.974909254953214
17.9728650970788
17.91116699869505
17.91967019302583
18.036547298966994
18.015271053841523
17.968888631423354
18.06559060605759
18.06439895105814
18.065447262143902
17.94623589051397
18.07271436118129
17.91072337098366
17.979722756139846
18.069778613786333
17.991375119011174
18.066051445274567
17.919965102073334
18.00042209485164
18.04203456175302
18.074607311955674
17.983740423671858
17.974793739607698
18.042846937810808
17.988619130873964
18.044056308309056
17.950432264543494
18.01378633751756
17.978720430505373
17.9490132817182
17.97786623858319
17.987643790220993
17.92272332254479
18.022733402242086
18.048204574053123
17.922993622531504
18.088168218619455
18.01883725203574
17.931750790165488
17.96214611855499
17.924026988030995
18.04550010282866
17.94721551025703
17.927685877472292
17.972897944057397
18.02626317690022
17.970106456369273
18.041525477683575
18.042763467815295
17.960976339494003
18.05497287931685
17.96304609943279
18.022158825331754
18.031017620622844
17.93494420541189
17.953295099954378
17.961907154875046
18.005859624205264
18.025426213994315
17.910911126344857
17.96949071934458
17.923049092327133
17.9144413012464
17.936268680183822
17.91388132624592
18.06996073075635
17.91655507028675
18.07473713066474
17.920475634152567
17.910990843493952
18.056062846405915
18.06465712590286
18.015561080912747
18.030812062669412
17.983528248508097
18.052505582968323
18.0176361719833
18.054919214879234
18.005824554152785
17.93478412187349
17.942529808096914
17.959944307368012
17.91028156417433
17.954707649419866
17.911025366157826
18.06138862820452
17.927638898539303
18.05383362908986
17.964364138836913
17.998813281881578
18.030084879163894
17.921677597485
17.938383994662853
17.911777236487676
18.050948261928095
17.93594541771282
18.03420034708433
17.998838226711054
17.941779208269843
17.999075959949852
18.018712631548944
17.96175731547333
17.993493662501034
17.986186741358555
17.98456603674149
17.977908511688725
17.982232900264325
18.00491583243819
18.04000854586033
17.980962193794056
17.975977597893213
18.087932971928378
18.043478039161798
18.05205161806084
18.04270237219975
17.993861009566796
18.082833082839286
18.02670033175571
18.073461894815782
18.04653318169466
18.041603289804144
17.944155828938996
17.924288051710537
18.017081850560952
17.923113604835
18.07767155105553
18.018490602121553
18.04856080171511
18.052026026845496
18.075778828133746
18.0587583251798
18.04514938963254
18.05154344241941
18.01556624365723
18.055430015317942
17.986243329386873
17.974438343818175
17.96373486641369
17.920137872420042
18.033059779638553
18.003697170308406
18.041177312436815
18.024495748074234
18.06398509342992
17.98615206185967
18.074933772210386
18.003074843212367
17.975959058985985
18.008746112388497
17.99737298220692
18.050636989854524
17.98888410631968
17.945017874102742
17.940799577979245
17.95475197596339
18.029027569905857
17.936762839129244
17.98609891645163
17.92882843758482
17.96075299834953
17.99690610831866
17.979720310362737
17.91548010533727
17.92927083534735
18.07226795620632
17.94546266109934
18.009568395230033
18.062954141090845
17.911161826426092
18.07457574154551
17.98823806382176
18.020480268369912
17.924916381956972
17.9482742266526
18.010458296492217
17.9567505008266
18.0159070754621
17.97397629097116
18.029410778926337
17.9940482368953
17.983863876262518
17.94452308275471
17.960779285470643
18.037834237576135
17.91231381804809
18.01332557734383
18.053158968647338
18.083114030995468
17.914765123648483
17.96950397116258
18.002532211123604
17.93644124592273
18.001233001250533
17.94228407470787
18.031478687393637
18.06918880837145
18.038581757106193
17.9974972427886
17.98010063084943
17.928294530284983
18.019680923208785
17.947808906271533
17.93054933519971
18.067840813561233
18.087385161900947
18.086054175623445
17.915137262572255
18.042403404726933
18.06244561551098
18.038213860309135
17.930688551519662
17.96107502479092
18.0890008818578
17.97710776073277
17.99228771715162
18.021044231256532
17.99822578373311
18.01894488441481
17.951858449231292
17.94167368881036
18.051368862660976
17.963162960710857
18.06614533015763
18.0001397362996
17.964465466967813
17.950820310445025
18.018055406591053
18.06950619079685
17.982352766031863
17.997871162124042
17.951437243712988
17.973119099985873
17.97764366215551
18.016340584692703
17.944350843404095
18.05090782801322
18.03771707510987
17.974219605765775
17.94032006276088
18.017385427422507
17.939514614544173
17.967212296365478
17.911378927529128
17.992806390575698
18.030234097545822
17.919887109755344
17.96655010126587
17.991940654086722
17.956134474575485
17.98900814780524
17.990634420874617
18.008928076771266
17.983881312343225
17.950071415235605
17.965138422473327
17.912632760885337
17.952500064664676
17.97485593057713
17.981555404402506
17.97037449540383
18.000218188037262
18.0644625669371
17.958566351208486
18.035614674109667
18.02699170680738
17.943733876648082
18.017651733953997
18.051356735452536
18.006522015261123
18.081989120628368
18.006096421036315
18.00524218562191
17.994654180314658
17.95661317610144
18.035164247004417
18.08680187482348
17.92336972492134
17.993981393793224
18.040687636367064
18.012690052936687
17.977690364170602
17.95608215407596
18.06164355183452
18.02827431531203
17.998461232452406
18.089622647660967
17.985729009274927
17.950513647397173
17.97128813566424
17.991174065756233
18.068653895903523
18.086087067353862
18.045525128580994
17.94108720031052
17.925687891816143
18.025263871373085
18.038666355712866
18.054792604259518
17.95741117835211
17.993171645643834
18.00289142452543
18.0601171581178
18.05761877122256
17.973227264546903
18.01342854368283
18.00412910401373
17.936910733284762
17.995751607178182
18.016438405279377
17.91508878601226
18.00406899346018
18.020819751303858
18.04152481243832
17.932168261287085
18.014065060528416
17.92062248049066
18.011162691002095
18.070094071876028
17.973369257960844
18.015478338992843
18.017535927116956
18.065561441088395
18.045225967182805
17.96285729126479
18.05564632191402
17.92916853481696
17.938693321076606
17.9313573413797
17.979813899472383
17.911799228977124
17.949930571338353
17.941689059200446
17.98664443661152
17.958699537838026
18.039144978190794
17.911665863082458
17.955364454011058
17.956128209361815
17.96101108633647
17.94834210500544
18.05275074452802
18.078639246477454
18.076404475555236
17.94661754287655
18.05074500720786
17.91954344764425
18.07989483675532
17.921775522576468
17.935750022048882
18.063375063693435
18.022681561202827
17.935068121353
17.959865334202153
18.041005354626204
17.973191228383254
17.963269028621212
18.063245382629038
17.923015712426572
17.974417507550864
17.94092408903395
18.039010887269523
17.912479616894593
18.089948625591834
17.9995786156073
17.991223227214874
18.00615289923857
18.06461753287984
17.94453114129086
17.950253049165497
17.995778780263123
17.980494365553678
17.96497106873009
17.974827817973924
17.996427451731574
18.031672715625863
18.051624837719746
17.99515442619916
18.03557831918386
17.974639803611424
17.993499210941504
17.95446509245274
18.029907109741167
17.9889695495927
18.006861479352946
18.00090189154205
18.02878094059593
18.015775755032557
17.916069017260305
17.91020740223613
18.06732973311156
18.02915140538773
17.916883363380787
17.950390277964
18.01454652937134
17.935484330446155
17.970889783431083
18.058073455838212
17.96518469534584
18.053240557581468
17.985699181116132
18.045941238764435
18.0785584046712
17.939055183310586
18.04363793578623
18.00876745525119
18.00165527690977
17.92191201669756
17.98690737381585
17.986461288699928
18.044432644323326
17.914391337663208
17.981508161159145
17.95878002106872
18.074886509893915
18.03976620368484
18.08970701501527
18.072855849119726
18.023810954229745
17.98969012047243
17.91121179052561
17.921926118277224
18.048864292206957
18.08220122791233
17.980160399733286
17.93472964859669
17.919272260587658
18.019023756097372
18.016810070017428
18.08546325862138
17.9227239342804
17.98326482722168
17.932831284922372
17.950885069809463
17.947488903468795
18.057462815512096
18.06175793244099
18.01310613673541
18.023183262100034
18.088651648648995
17.99576517235557
18.078797681259484
17.955307425977956
18.07129486918223
18.0134661282777
17.98101903590879
17.980275926305367
18.072618225769446
18.015066176723494
18.004422052969563
18.02354631968519
17.920158540294132
17.928766968893
18.021404316350026
17.96370022731259
18.00083304662302
17.996800184782035
17.923138810136727
18.00394759905183
18.010754550426867
17.930579336975505
17.988256752571456
17.931553968277555
18.04509325347096
18.042119469936548
18.075818277419014
17.934104261674747
18.04201962395735
17.964239945487435
18.042413231727405
17.997285987937857
17.99998445823966
17.956531043353106
18.063974676752096
18.072424977186557
17.9706908407904
17.98391419779366
17.98802509963748
17.915781715201526
18.038083349245777
17.968102892266696
17.959808956000803
17.922449177204147
18.02532531668328
18.07114155889598
17.96906120655137
17.99529646158781
18.020847415343837
18.041532368225404
17.935862058373548
18.023558247477446
17.962562594587755
18.008561313384515
18.08374490025605
18.063798390497904
17.961088319928386
17.966474779088156
17.93594737244472
17.95412111795379
18.005670783601616
17.92001470876757
18.042856297299625
18.068106094224863
17.933731095714244
18.01333906305351
17.95704448212232
17.91864458566451
17.938981929621757
17.917041101701425
17.93426117529206
18.05098207495241
18.036121971272788
18.041265898237306
17.95258851617195
18.03721824271862
17.999259904762045
18.004385138931088
18.04751966894705
17.918626320711724
17.929736192614946
18.02805199028377
17.955515877332456
17.925168365189528
17.924928711457056
18.085058874539705
18.024886120841796
17.957076817555674
17.986883735954688
18.02777840357921
18.013897070961395
17.94718110062315
18.054284116853687
17.950488587297468
17.914946966759814
18.067693814566468
18.011797115637222
17.967343574455924
17.93712183795817
18.01838429431607
18.03455797932925
18.064786219946154
18.000079845115305
17.944415597243356
18.08153803993611
18.041886226445108
18.043555913147276
18.064020136337213
18.024927340696262
17.936294242913277
17.91715539096336
18.084759901259243
17.92149728389876
18.042144595953424
17.981681832560582
17.981570301694497
18.086270156018795
17.94934913854994
17.99510469044604
18.081377279172017
18.000010235648414
18.04644845246283
17.92667274304993
18.01218286814099
18.018396094952244
18.040707480049335
17.93145056912044
17.94579928496298
18.01168544157804
18.045855415946413
17.937154468969386
18.06812450856409
17.981417994005
17.925769760145897
17.97345463802986
17.99724542796051
17.917382665248216
18.089205352378947
18.083629419490226
18.06705775482929
17.9477037526657
18.02909246958449
17.979241241372716
17.99143362243443
17.946556403191487
17.975016903346656
17.937106443174233
18.003453821061957
17.997605252136633
17.953720806714436
17.94907201434446
18.036656574121814
17.916655585565117
17.978389197114335
17.993652666281672
18.04359514636812
18.057660201179797
18.063473190115978
18.038338934397295
18.08151439770126
18.01061901301088
18.02258709832999
17.96336165973554
18.041708165303223
17.97061745449498
18.020653758507184
18.009758617296907
17.97276391945045
17.93967229393337
18.045282174784216
17.95942948347038
17.963659675587348
18.015017788632612
18.083475046230287
18.014828912587483
17.93314236979444
18.06007077571296
18.089364694816055
18.02625581289642
18.065554021455153
17.953424439849123
17.96846565238539
18.02561831304476
18.0620373026196
17.98762898493929
18.03890339226628
18.04406968752631
17.975406807131385
18.033521657304014
18.065747572800042
18.015300162906257
18.041740343717592
18.074203045762115
18.089019463392123
18.00574495565556
17.92255114393649
18.00402826416483
18.069916375011058
17.910659689933166
18.026200133209667
18.084311250906513
17.92987567000504
17.919842125589987
17.961841608553712
17.916604161468534
18.0187115983047
18.026039927765744
18.07754693071146
18.06477948095622
17.9744026747249
17.929528583508603
17.92220513929322
17.93128824668678
18.0466871664354
17.949745057200037
17.990706010054865
18.084948201981835
17.96087975723422
17.937455512945537
17.981799065808
18.055367300821203
18.087900564746686
17.937519217179197
18.05480952681046
17.982524754411788
17.990639413047155
18.04492772349767
18.027551655025952
18.02969889367275
18.04603997719793
17.91820639740617
17.977892165439474
17.94565539349672
17.96411085551114
18.06385271327715
17.944001024490014
18.08361966989316
18.081955585552713
18.08533026917501
17.95766475540659
18.038433101881736
17.951094792386687
18.081645719103854
18.04663897363346
17.924046068833867
17.95481282238816
18.05840590482892
17.910247477600183
17.927337234697497
18.088920627951115
17.933710617215514
17.914918854490157
17.934158870987687
18.050948889556775
17.985378052280794
17.991736954805653
17.95896339571214
17.983050820132053
17.934592696421845
18.075876169141495
17.986722857493753
17.91988065516879
17.985465524156204
18.070981063189087
17.952582580584995
18.000708849606827
18.013221452329184
17.96724578381802
18.021185908831377
17.946560365602174
17.961347462069032
18.087330902808947
17.93048580691001
17.938307850757493
17.9593681257026
18.056043849016024
18.050338897339326
17.941780491600262
17.996994140357785
18.058781984376754
17.91889918923512
17.953835830566906
17.967494670505673
17.933356771941337
18.079410149271737
17.927544117034312
17.947787668374108
17.989009419253076
17.91195413027965
18.047184819335833
17.95761725953247
17.92205509131425
17.99042395143479
18.00406602899921
18.088052292597887
17.94074249490109
18.033025292462654
17.91903506368632
18.086849396681806
17.9379113306913
17.97621248317738
17.97001357847157
17.983800461196015
17.944797096895226
17.951036277637368
17.931250517446777
17.915931070059877
18.089596095499843
17.96031569534935
18.041531444448605
17.924886850953744
17.988907618094327
17.956807229746715
17.949654749363116
18.014464697435617
17.930758200401133
17.943990080372654
18.053895795469376
17.94681716530934
17.97655949623053
18.038311636717484
17.95673309587565
17.943183708005456
17.92449460118823
17.956455827204447
18.064710407742773
17.99390791455797
17.913409847978226
17.989187416651518
18.073818379839256
18.01186723005284
18.049873597459936
18.02223031341429
17.968660346237726
17.941874320622535
17.97938597419811
18.028200285829072
18.01720415841455
18.02829463585559
18.07634440255951
17.951273657540987
18.067029137263955
18.082416718490983
18.012401929429842
18.087575286369084
17.9860209359777
18.05788992269518
18.015316102775028
18.043402922724614
18.01386892364441
17.975513633146537
17.9874882152764
18.06688822510144
18.035712578601867
18.086592465504175
18.015821106800793
17.99789768205673
17.95764129720357
17.921318914783647
17.931605774996044
18.02824355132929
17.99209192325564
17.914967708630776
17.93845701922243
18.08674171360673
18.04854314699293
18.08245747929877
18.05807493501924
18.012178531103356
17.977718507391007
18.02660182525123
17.932617668192048
18.053442468484615
18.023807062691432
17.97788744861546
18.04894071404904
17.975475927992896
17.946046319556352
17.91085982898272
17.971479566566135
17.996143255575323
17.995356986684417
18.055610588600036
17.910915868813436
17.932039314830238
18.00559180510508
17.98833968322381
17.916180691782536
18.013536923256844
18.02013524520757
17.9682163934376
17.956075886126175
18.05718326085023
18.056977551338974
18.083867407530523
17.962628803128275
17.976317364421092
18.076850778408417
18.042349025746482
18.06445916969762
17.930193875605884
18.016895668285894
17.97663360073977
17.95025299565081
17.977555027750455
17.929886704075827
18.06176156736879
18.082840105374125
17.994942833104574
17.95790785846365
18.057650657399094
18.075250886623568
17.973399045217878
17.97453441824217
17.955424021291915
18.07439869522645
18.059760112990247
18.017037341706576
17.971919741064486
17.98288116746407
18.071275376973844
17.959923539332323
17.98411416586925
17.94487400185468
18.039160920388365
17.917591386250844
17.939434336336074
17.934784475803674
17.954649950950728
18.08122295188737
18.019992899020412
17.993565491624906
18.063342048920266
17.928380875217584
18.064391102763015
18.007632569086493
18.013058400586708
18.040888935103517
18.062173622453372
17.993680643753418
17.996495875926193
17.959892704689025
18.04754345171689
18.05069048953917
18.082053607850526
18.0503308878713
18.026065857860676
17.97092716867675
18.038691167381312
18.007829464966488
18.05656104505673
18.02969646347282
17.97936658676128
18.050593411794868
18.029841076502024
17.92983632757351
18.03367851228647
18.08001154396201
17.991822849819975
17.938409686313232
17.9103616129393
17.962971666815918
17.969476027386666
18.043845633030017
18.07420742051108
17.970438020842053
18.041246408651755
18.028432191821114
17.9784320332213
17.95188740008803
18.073321373429845
17.944882507982914
17.9946910928289
18.041270872564628
17.964518946917757
18.04921482110804
18.03734184983904
18.089368234483693
17.99774451978303
18.029969802003162
18.02083627821185
18.07873225470405
17.91352141399142
17.998913313942673
17.986953031384928
17.962128096288293
18.03074015647669
17.963436609101205
18.05863692297957
18.022601557383425
18.052808764884176
18.06404925654414
18.03346836559432
17.928353903476737
17.94751288505868
18.07599293233437
17.935082577623245
18.088860028572732
18.000592843910756
18.040908964086764
18.03742018560601
18.020004654439248
17.966866892776892
17.961633904637594
17.991762459422404
17.911325278984393
18.01442250159099
17.98665447005233
17.912365863972912
18.018562874230398
17.947615450687266
18.006604917434323
17.987220520816873
17.97799364839984
17.931539296567717
17.932159820771453
18.00300285385977
18.038064644102487
18.01084060942845
18.04027436131301
18.034358718238405
17.961934647705082
18.052388478856038
18.00050755898927
18.001856641877126
17.99587621590426
18.057793233183208
17.93959531307379
18.012594111061834
17.915898841676324
18.03226507842673
18.083151514680285
17.98864117274939
18.073773307606285
17.92895908675472
18.071147603254396
18.051997566781406
18.01711828310676
17.952715353618313
17.914785653772032
18.066747928807626
17.96914086649801
18.001756195890916
18.03952079535419
17.932811287018936
17.955449345899865
18.033958366400466
18.00899815892598
18.046008660347695
18.002941152742427
18.040004412858504
17.96122682991387
17.96724858434018
17.979689523454066
17.995406552694508
18.037319893658584
17.924667027660778
18.05636205320314
18.038014375749377
18.06848689192146
17.91916127107095
18.071570281455013
17.915525445111765
18.01692441971571
17.936864116702324
18.037371620744427
18.01845424582244
18.0853961574298
18.082107608209057
18.082637450618293
18.014885926234328
18.004309804948967
17.95008270679042
17.96091821423246
18.086343850590197
18.032364711093656
17.97288165826882
18.020801294016476
17.919336695155366
17.986413987202226
18.059901992580393
18.037350134721816
17.943022379920045
17.969018871208192
17.933385492372167
17.92446826382443
18.062980434049237
18.024041515409593
17.96996772433556
18.04371150994995
18.06139875768737
18.019883193560723
17.941419456864587
18.00628028648445
17.921470434276507
17.945168067336056
17.950476602861492
18.016354090872184
17.961697139064174
18.02816857519884
18.03138078227702
18.021190994522758
18.07154664801147
18.049091573621016
18.049903193815613
18.042160490322253
17.94276135698019
17.97021521108369
17.99362650614516
17.950576152428848
18.001198151418087
18.023241170107756
17.92015387375592
18.070148778550564
17.93617391420042
18.036402066926605
18.058205759677108
18.008053292711015
17.918833387612942
18.064051794673475
17.9848677193818
18.04248686874126
18.025662771327784
17.9957714659513
18.009689547918306
17.97442278331086
18.01384564549913
18.048246989587085
17.97107259004846
18.085091315517193
18.059113332172227
18.074324241077772
17.91595110254676
18.050572134522422
18.02135005427975
18.083558586950783
17.967876324478116
18.021788361389316
18.017094815680288
18.070359880416184
17.947423353364297
18.004957267349074
17.932057137588988
18.06093427020057
18.010365169280504
17.965699023527396
17.974711206694828
18.04128814030511
18.053188862369225
17.994544768245618
18.021562867723873
18.057585725514095
18.080574502569334
17.966555572922942
17.990222387174402
17.983523506979036
17.91564249722423
17.986667245659977
17.91071165519856
17.983775430959614
18.03801967568581
17.995902668096562
17.98846778488351
17.975496634857123
17.93729211786151
17.981987961445533
18.041428958412045
17.972579975173275
18.084617972041972
17.980365043693354
18.026938704966184
17.98698756303554
18.08734787731964
17.922562988093887
18.07003881514177
17.980547339044442
17.98382345020609
18.00107225413635
18.02393144459362
17.92956412717488
18.000038298675452
18.021780593521285
17.99513995291716
17.959195551329497
18.01634831659795
18.011135927291182
18.034617208089625
18.000404996392657
17.98618001470278
17.935375308973093
17.97639103296206
18.056642749804567
18.084652137177578
17.977966206462597
18.02543090493143
17.971702001407095
18.064478053682592
17.99121905357672
18.079771182023563
18.084240986945492
17.919666223058517
18.026426685833577
17.99210915645258
17.967683767704333
18.030268430076244
17.91501164096539
17.959503478971047
17.93078593482232
17.972064249633867
18.046031851065017
18.075900572994584
18.059148021853694
18.068792779004887
17.934183888175408
18.079032991611847
18.0373594405476
17.972913253069606
18.076275023929153
17.969042221455116
18.085694181387737
17.994095341665744
17.934170230654164
17.991058205779137
18.0618102696296
18.080773282166223
17.9180293378307
18.05389878711883
17.94288386903154
17.994802165917136
17.97594780813295
18.084243006468363
18.065950777661094
17.99572040855077
17.977489048928053
17.993537817357744
18.007858665357745
17.938342433439807
18.08298356365187
18.044732080536978
18.04227066469683
18.03785947202469
17.93943457556291
18.083499423034215
17.98653228562867
18.07269555952961
17.948264341298174
17.96550490714523
17.971859902242898
17.911291368067598
17.916365758431805
18.07474032413296
18.000942011625366
17.99594252563424
18.047828737111658
18.017156255527915
18.05546032437444
17.974266513301586
17.939117748864593
18.022480837487286
17.926083937176344
17.91327205135812
17.98151793273734
18.028262784559132
17.98375487950872
18.030810348879385
17.91158944067084
17.92117299334745
17.987723239790885
18.051471277376123
18.053619614881192
18.007293927848462
17.97616642778405
17.921892099669208
17.938294090223547
18.039481624547793
18.035035239735848
17.963267194876522
18.03458465432697
17.948602118750898
17.941377648178772
17.942352697310163
17.993446500425286
17.956270153723302
18.011079373538458
17.964686635900943
18.014254925893272
17.979363538517152
17.991121195589574
18.059569692201624
18.05211169478659
18.08403490350255
17.997738274594347
18.041509610656423
18.063080763777513
17.977546707947557
17.990980118605194
18.009236147747473
17.925195074384824
17.93591266508388
17.99291010092728
17.914955611142275
18.063792887963537
17.961313241740402
17.916913459618705
18.070674679141735
17.98054230253893
18.066910165379806
17.995369753028854
18.001151688168836
17.98671542114934
17.97829672287719
17.912568075842824
17.97197692253754
18.002828317178068
17.99016739002453
17.9130396877328
17.9149509241676
18.046227759865342
17.967551229651516
18.03298399667728
18.04035166700626
17.982240949421314
18.01247295407106
18.03501264869425
18.044560365239587
18.070412079908195
17.91476111291759
18.05652693768991
17.96453253410832
18.077337841980913
18.017287587175623
18.05141513609854
18.026613311602524
17.937448254670876
18.079896813700998
17.9549519133958
17.952167959373984
18.013888872955786
18.062355887491123
17.934599092417155
17.97737741102416
18.010538845382015
17.996593537482187
18.06603552032754
17.945835966087152
17.927688531503808
18.055000103610215
18.009522817297473
18.01219741912958
17.941282020276862
17.94935404612403
17.995177876908745
18.047507935975734
18.044832607159293
18.024810721651097
18.059478052368906
17.921219128570357
17.995856642425167
17.91653414412578
17.9319106025593
18.028428634230362
18.015913445287733
17.985043048395685
17.95350907314802
17.992937413895817
17.915816385530416
17.937783430939103
17.925012186176396
17.982904642678804
18.08195528309252
18.014327466244517
18.00069292372907
17.952619181149803
17.9341249933627
18.05493215399456
17.9108007944593
17.95424598824343
18.06258934405594
17.92991565631287
17.998828631383695
17.934596392852644
17.918430598142475
17.940013528398165
18.040919234816485
18.04852886383441
18.001122539798587
18.022551669202226
18.02717523279595
18.02692681951366
18.0575130425206
18.0110454189988
17.963753216653917
18.015544681442087
18.03278704226063
17.938978974596246
18.031975685709277
18.088822112983355
18.00902368855042
18.044579143284988
18.020655567411637
18.038805336016146
17.96243417440206
18.044918366075162
18.012130881524936
17.920337107305112
18.040246496553824
18.078768306157176
18.07173525626652
18.052129627787846
18.079780638355892
18.065446641764357
18.06181564672542
17.987889645107913
17.921595568227985
17.979705532898787
17.97710632700411
18.087604812668648
17.9891656766069
18.039045203915688
17.959713903407028
17.94450125669678
17.990780444574007
17.97490381314495
18.02544878458809
17.917861042150502
17.937070717102838
17.977677832655246
18.054123365528678
18.014823494333832
18.044850786338
17.962237654058704
17.92549237773738
17.928047490315002
18.08904550378893
18.07744537244676
18.012678693602872
18.023696020716066
17.93060632106891
18.08147294492167
18.031061306036758
18.052034176583714
18.077202145731736
17.96225908029157
18.05270520312631
17.940694105851932
18.026033441769904
17.99070254191229
18.07631841263228
18.02673580745943
18.048045398357246
18.018100808250384
18.07908748830939
18.058066725288946
18.01223938207162
17.963332620968636
18.029702853408814
18.034959979703448
18.033764495752358
17.92977925804273
18.06506184322623
18.02898855011078
17.983209893863943
17.913631003306705
18.075890272505603
17.993764825016825
17.983117936847027
17.99849290451209
17.971185968373746
17.949388054707576
18.083447583749216
18.00759596343105
18.014028651926335
17.914934404704052
17.973389260892198
18.073182889108136
18.047154464169502
18.05872371426626
18.00850199285271
18.04801723676704
18.01897821547002
17.99378485837069
18.047580073701432
18.065240326037618
18.062500954684758
18.053652763599278
18.049077552441016
17.91080897107585
17.942792956370003
17.93666191741312
18.034245602589717
18.012959808796797
17.964957385136
17.972200480557458
18.056454996927712
18.0300351266011
18.039527436534772
18.069613869030857
17.95175753114185
18.06947058878462
18.037173366209807
17.972057010262773
17.942978553330853
17.948304917551535
18.013052157996885
17.968952296290457
17.963761165980813
17.938335351815216
17.99035287341118
17.955380316217028
18.043099599714147
17.941309879583336
17.988696332216048
17.95493579933578
17.942561859512182
18.071708208286115
17.94476709366985
17.948863494469027
18.007653069433
17.951316606983127
18.034858701810915
17.95201053736529
17.948721293100792
17.950027959581377
17.940125104723325
17.983929016613217
17.956241160402378
18.029355047741777
17.921883171105723
17.96362376836174
17.941275420308884
18.069236903674927
18.07811111009793
17.99123012921671
17.963997743934346
17.965912552102083
17.976527822313816
17.934215289878296
18.06956350484268
17.910541231611106
17.918925271251574
18.05839014864507
18.017660943997303
17.95239279707862
17.99227413794628
17.97972908779148
17.99788572109599
18.05966440586187
17.958864403058428
18.088048437314757
18.01938824422583
17.96535680762496
17.957141557938183
17.94481778871706
17.93600640803009
18.040192823304295
17.95395583859559
17.920667645742242
17.967349672277344
18.03107828191106
18.077070035139343
17.944070554682
18.008917576221783
18.024417447585076
17.91226729394031
18.02767652679402
18.0526954059803
18.044939330962418
17.955528857124204
17.913221714509312
18.04588482378068
17.994888259558792
17.979106123158708
18.029166275948555
17.929814707347976
17.934732884087037
17.94757979202128
17.96492424289166
17.937213678240376
18.002520118917683
18.065214749050142
18.082225303218493
18.02114386667644
18.008548661690316
18.079933643269612
17.946426683799807
18.05334485810143
17.91388462169085
18.002819824243737
18.017275434924972
17.993806476881808
17.917946502972363
18.012652375126144
17.9421001924543
18.014533531801067
17.98449461608802
18.03559827248979
17.942746025079344
17.960732683903007
18.00531287150379
18.037624823424128
18.068906341058188
17.93437525733164
17.937031738588743
17.939852161381197
18.00966528783427
18.062852905326586
17.940115728849165
17.9795205707395
18.001120933395928
17.967353623002275
18.07603974703994
17.989565917281688
17.915880416594504
17.957663450975893
17.97436477281286
18.04938382958544
18.043545791991477
17.94715618614733
18.032517677767657
17.917518266041323
18.087403437390993
18.00052631418044
17.94522733629577
17.957649753184064
17.98753316872905
18.02616392943373
18.03674619717821
18.022781613237758
17.974371782886063
17.910788125710145
18.022236407873795
18.082441992353047
18.041488043980006
18.049283537771164
17.96178996286968
18.010416722249342
17.945937946589762
18.007184352233338
18.034321278540133
18.043740857312823
17.96954675460498
17.934516465896145
17.9931872059027
17.93150023396456
17.991304453980863
18.081006261380452
17.993155586652026
18.051556995367346
18.012336108372942
18.054798320958692
17.971450783582583
17.980610458219584
18.026495991126588
18.00132705068398
17.934031015324535
18.03449205932106
18.06108889047036
18.032395413103693
18.045451855587196
17.964905960655297
18.026761579170127
17.916339249092722
18.008370948686494
17.96821591603853
17.988439542614767
17.927478621459105
18.029256754756982
17.98388289947365
17.956623221101463
17.938154736987098
17.948958997537563
17.929597980304163
17.95172688472618
18.059191527604913
17.936803504647948
17.968759993082728
17.97740397795983
17.931796761328826
17.96039786879019
17.982122365316645
17.938330652284137
18.058770591120055
17.94919823803855
18.058911042812493
17.954646451342718
17.99861721903153
17.95344645248786
18.065374592925874
18.032264037644847
18.025100519713504
17.932288020890724
18.07426726763598
17.92666906843082
18.02573254980871
18.029886286900567
18.06977340984705
17.93473080945735
18.036655177272564
17.93819813172178
18.027275653795666
18.046672255751485
18.004740982784213
18.03679552959618
17.975796992653052
17.919760711442898
18.078399568451967
17.937314594892
18.081699004232068
18.08601254774436
18.040186622230443
17.918399912223315
18.050944021904332
17.91856290887549
18.0209993694712
17.92142575705319
17.9764313980521
17.97518197295712
18.005942238359154
18.055125240048273
18.011660339077512
18.00373013497388
18.004541283050433
18.058157959958123
17.983310512748602
18.01777072654709
18.004003100673124
18.024478027899267
18.01815941610461
17.944436104876555
17.999476958608646
17.98719689132798
17.930896923522823
17.971072934838947
18.067201234408792
18.009875257710302
18.02818947889484
17.959141429591014
17.930022980263573
18.089702306385565
18.05696195528852
17.917570886346006
18.08992058177446
18.025229952707893
18.009010000109207
18.02425997211217
18.054148751349857
18.08184310903158
17.919409726174624
17.926903199136934
17.989483228011682
18.05222359672087
18.031647196865016
17.98879086534438
17.958226519986834
17.983968896086616
17.927615759880414
17.969934059086217
17.915714600755802
18.01182306215845
17.973770109655813
18.01040226154547
18.08447134279374
18.057943716430273
18.07324271404307
17.937247136203833
17.961327476741836
18.022942634585405
17.957933518175313
17.96707904610754
17.931247402694773
18.001241837947635
18.049949236725162
18.024256961698935
17.996792234201003
17.967015277092067
18.074594710618225
17.91019312167044
18.074030062317863
18.068292407579328
18.040129710372973
18.0654139477964
17.973191040755843
18.002856143106538
17.971063080490058
17.97863589878449
18.017040571178626
18.076269813865903
17.98851350752735
18.081251118758928
17.99331762324838
17.98656310316361
18.009586288295488
17.99359983994518
17.951243438310303
18.070804347021838
18.057933997288593
17.998531934902896
17.911988001953375
18.001517939607893
18.034007547736312
18.027646051766574
18.049579138610547
17.914352943989464
18.08176162465837
18.048608987406627
18.05438255786519
18.06702997646723
18.075335406071943
18.063674882848623
17.970815456861953
17.971405708078645
17.927794484257902
18.04054468775443
17.950904527489516
18.03247272274391
17.962400725211776
18.042097559665095
17.928718098763376
17.944915956336256
17.99266089034753
18.04892078812182
18.009604964875702
17.994355276538716
17.944296566129573
18.04298773639503
18.063875157010276
17.94922576040402
17.97803881587361
17.935368980543785
17.953997393341666
18.037485607424024
18.01082680741699
18.081428147932055
18.039357366135825
17.982965237982
18.046242731654086
17.972110899843642
17.961362319153036
17.944022966651318
17.963962535753353
18.00129984791853
18.031334126717326
17.995477484102775
17.93941125970989
17.94665535613765
18.015534826138648
18.075358395963622
18.011264228332813
17.92051907224016
18.056512135434932
17.953257944161628
18.01187039203737
18.052382760090598
17.976943559328763
18.010240030404077
18.039628312772585
18.03521537620654
17.948288705864865
18.015340140192595
18.08923191065635
17.920298279523948
17.93088671725275
17.934000942686104
17.978278226094314
18.006370149382988
17.939189877325568
17.960176516635595
17.962072830110767
18.07649965638195
17.999402097432814
17.96240257179361
17.997624657909416
18.079118458738026
17.930058981847708
18.029633769601595
17.935378176304194
17.9696273915986
18.08299323686747
17.951336177522286
18.050961872727616
18.03125046562808
17.940773373038436
17.99312126278536
18.000814158516828
17.947586327424304
18.013060453381783
18.05543317967499
17.976006333923355
18.015109382602482
17.988729271751538
17.92620371076401
17.990139261561264
18.06964259494487
17.96750323774774
18.072304307458758
17.971972801959943
18.080318008936207
18.084469250883657
18.084231894575
18.08659596281386
18.06860728520423
17.998155705258995
17.95821539738517
17.99046402503716
17.93449430401094
17.955540110598907
18.05794711782455
17.914426903296906
17.99796720178964
18.046280537408798
18.061220700057792
18.060274433772225
18.058003864656122
17.997927454432944
17.99284719947219
17.984706745475872
17.924903395373274
17.947664065532276
17.970354243376335
18.016742229119487
18.025728855149072
17.952285345721847
17.93674715508636
18.008818346977556
17.92399426014743
17.971820402012966
18.035427024759954
18.00227091267056
17.996149923904156
17.9162729379254
18.08888276080994
17.985925823622456
18.08750363304844
17.957547514680634
18.05033533349255
18.014699003080054
18.013213046391964
18.077888138062203
17.951489267484128
17.96596312782994
17.939112541899043
17.937435409302516
17.930033485533063
18.05638205126781
17.93407477064812
18.054205500128955
17.987856579463177
17.9646420988716
18.078464118036894
17.912095609442893
18.05794175092565
18.07528185779103
17.916358063132652
18.050517105186387
18.051957601852926
17.976723626247992
17.953954717408674
17.966341555993942
18.049899723604078
17.964019132745317
18.035410835107122
18.06128292545629
18.00682287575662
18.042800525867474
17.99245424307436
17.973296544633776
17.92785479295483
17.925117287004287
17.985248195733778
18.00356005892838
17.949084246781403
18.072022782349887
18.0771208715184
17.942406468757866
18.027100591970033
18.000362337371342
18.05613199172278
18.028775106860287
17.91228337784887
18.078287992518938
17.983750973040287
17.943919727779743
17.970074155104705
17.97017444912166
18.03716731643419
18.01061648876138
17.970789868355688
18.028680790795846
18.027897215101387
17.945009285432008
18.036621196050568
17.97220910018054
17.969710014305555
17.962515771775294
18.021306323339765
17.918263874614645
18.005626556448135
18.05056166522764
17.98282673461988
17.995370885537252
17.912547212141497
18.05597229504337
17.92052324636403
17.943631734481606
18.026757490542405
17.97626328342116
18.023851154217965
17.975834901237913
17.980695324436912
18.064993511414574
17.994582643896866
17.99891861943935
17.980888889743756
18.00035149988326
17.9372732015688
18.057207091233742
18.05546329534336
17.940603451539246
18.01261014840615
17.969858102834145
17.991002000926596
18.034702397043493
18.073567185450923
18.041078664710604
18.009263406025205
18.044999396762655
18.01587838712821
18.025388191867133
18.068777539011748
17.932936430975975
17.979388229055846
18.018270052212696
18.051876294597843
18.023664312528553
18.03740468064249
18.00067161306327
17.929684880530733
17.957119863492114
18.066629017752508
18.08819184912422
18.013053107687217
17.91616690121691
18.081435897240528
18.070545124428893
18.045637334267074
18.089766038565614
17.98984787587045
17.954231860609145
17.933145578147645
18.064108995687292
18.042538982022336
18.051548736082513
18.009332587069032
18.082607118503706
18.063104847162354
17.92613072092059
17.99645617599116
18.035701925877976
17.99251074745701
17.971831925976694
18.00152292470689
18.060926754807184
18.02523674042491
18.0703862546058
18.000798212822964
17.973212317902956
18.014722339728856
18.054474206508363
17.99599915585263
18.039457224581014
18.047008146087425
18.07208183116454
17.97949852572284
17.91708903149636
18.013872551649985
18.028240031337695
17.95940347930128
17.920336534485088
17.916486580517322
17.93839753261674
17.941501406568435
17.974151608272486
17.943714694722036
18.035441080534138
17.940699231468997
18.036187875720213
18.02576954508376
17.932129834148252
18.086998554687767
18.08434252665872
18.087758673566977
17.9346681628065
18.046376375744433
17.950912011112262
18.015223532180794
17.954326417379153
17.9223345863494
17.990365879156993
17.942748295907055
18.037576674282132
17.962877951048718
17.990983472252008
17.967716172410114
17.933520576625764
17.976785811883158
18.05163214613399
17.953788233980475
18.007840415513797
17.954581089007643
17.932248552478406
18.029910722913915
18.03613876194742
18.045002967922798
17.989004274640713
17.998122485593647
18.082141977356468
17.98813435085319
18.06607867083758
17.963471444960668
17.948769002169225
17.996101490844993
17.99555694846168
18.011477072474314
18.023951666126422
17.953785717600283
18.009706131773964
17.992238321877526
18.044506361236394
17.96198030721512
18.067369361153727
18.074518525534188
18.05520044953205
17.918476225110677
17.941221557450184
18.07780452374134
17.935162044039473
17.965884368163163
17.930208919885132
17.96267527646861
18.062539598496095
17.926602096033168
17.949909433322365
17.946894496665905
17.94297351500161
17.916722411929417
17.963442986502088
17.964198265867044
18.007236801660103
17.962113604562795
18.015061645445147
17.947311441069704
17.995772290364613
17.987428968181945
17.962513827655656
17.946548915037773
17.96252338541343
18.029139327171904
18.006207764222296
17.91796997842485
18.03082930153404
18.068549874629284
17.950161042084314
17.922198317423145
17.96191928291992
17.96703518339345
17.941790365633175
18.072906680828602
17.976469727969796
18.06221583843665
18.006150423486677
18.018444799497583
18.003913885867075
17.95867076988526
17.952962756222668
17.961837713104394
17.931051281659617
18.028953505050335
17.996325536902408
17.989417068124432
17.958459939406893
18.011013721823698
18.07459548999591
17.94636671401374
18.077104447200163
18.08976699624067
17.985657156407388
18.023552730855048
17.98636074210426
18.022736730439433
18.058741136909667
17.977713747388716
17.939707646883775
17.926846882188705
17.939139720504404
18.05632615246668
17.957321210622496
17.910618485889422
18.01697497297051
18.08933385059958
17.983781688320832
17.97813307593267
17.995190752623706
18.06264604323341
18.060093370602416
17.927667218424734
18.05369430242474
18.046878538155557
17.96900534516221
17.98410166091564
17.954146297611945
17.981829856643984
17.982181739734678
17.95490080788474
17.93483186336705
17.981706305488725
18.052792554313374
18.010623975660426
17.95690017808233
17.91043513780946
17.980365671799333
18.044043237012794
17.957141805787003
18.05970063050015
18.0439521139068
17.955919784606326
18.045458170987093
17.98698337447859
18.051255898686186
17.985014577818625
17.95288815958604
17.967106302665783
17.987683751114254
17.937521496762507
17.934266734012315
17.97480056932736
18.01928860963329
17.924982692780173
18.005520820559717
17.924883966947455
17.955693606089348
17.976826367365003
17.94051113226551
17.94830905034664
17.99976979994753
17.914530086649375
17.944266358801546
17.930451729268484
18.051138462169178
17.963943235225077
18.00345701900774
17.995999743088532
18.04346989118051
18.00930487338711
17.912039368292557
17.959851857087507
17.939984264532473
18.033959135068677
18.033988943199372
17.98595522943987
18.064414813400543
17.912015107266637
18.00324458569751
18.06032470295844
17.942096017577164
17.996969103432452
18.0547698181175
17.999069225924206
17.92393662266152
18.062435563713723
17.991428061999382
18.030277772636204
17.984972023705367
17.97927742620528
18.00267578874335
18.06842017972214
18.051496381509814
17.953189704472255
17.920367708577672
17.935692248754872
17.98850113569909
17.932809103668717
17.955451468886338
18.08223426615317
18.083208965025374
17.944571082671565
18.018152215372808
17.99913406022386
17.936828665596853
17.978870513470593
18.052503994656597
17.910037787375224
17.93545689118408
17.97019387199171
18.04513427304612
18.021026735370885
18.02276368513034
18.00778708781637
18.026050201267683
18.016660892527725
18.044568447011773
17.940009960551645
18.0448547183592
17.920384037503148
18.050551296048727
18.08135944835488
18.006507376167246
18.009145228204062
17.989903523727953
18.08187761378958
17.963305635515766
18.01527974829955
18.034053706874843
18.031726624520246
17.99121526275174
18.049002874756376
18.004693535821456
17.943168571696063
17.946689665434228
18.034562063393018
17.943065189464217
18.00518312555811
18.031811738815044
17.94517374747607
18.058274135502447
18.035739176228397
18.058491450674843
18.041862883964534
18.019784664546012
18.0191079065038
18.078907601436768
18.0323900950417
17.938231915357406
18.049452232483663
18.047218289363833
18.047070590488406
18.060094217564497
18.0344300264662
17.949327489554218
17.98112814857027
18.037017550027496
17.988835531881996
18.057202510076696
17.939719278134618
17.938921285012228
17.945055857057415
18.006787199747198
17.97398680853396
17.97278510282731
18.05512418543954
18.06991121174793
18.07213229023638
18.064155338136704
17.977882860073933
18.02705357088827
18.082085513922415
17.911030222705087
18.0064474410165
18.047239408259397
18.01718356586564
17.93880542052849
18.017888425127584
18.06194333646314
17.995752270502262
17.975342842321712
17.96692152790258
18.016777878776693
17.998980706447757
18.00532731386192
18.006171721298347
18.06430211021732
17.935154678638508
17.97488914953836
17.993893852737735
18.053968280812445
18.02284976109929
17.987224802597186
18.048994501490146
18.002027200415313
18.078747012015388
18.04684885369639
17.96085013917014
17.946221607950026
18.0805572623772
18.047223545756683
17.996938573635212
17.978854802890087
17.910649877064223
17.952383269735773
17.997769412543846
17.917626300291175
18.018046253624536
18.052420652245207
18.066419991144667
17.917766842875125
18.06786864474408
17.93007021875896
18.058580842614703
18.064663847267656
17.999936514273323
17.99812696899707
18.085264078739435
17.964190900880293
18.061525930483807
17.959982784596587
17.91866792878148
18.05736245872715
17.957451685917608
17.950411344067593
18.024821498403195
18.07381943667307
17.930180865666646
18.068830277861647
18.083727685328462
17.910990025711065
17.92618423359792
18.065117740440968
18.041211911784803
18.023739139940698
17.92678733706683
18.02171000295171
17.987546452567848
17.957914479219838
18.076841659201957
17.93962323843501
17.946953076070468
18.0288235604203
17.97165190956141
17.96072711532458
17.995364165433596
18.08302664299755
17.997236021553235
18.08197501288405
18.01223526627515
17.913212744940868
17.91090336290202
18.011885065370176
18.008547898985082
17.96904182241352
17.911470680856777
18.077392113946093
17.944435154612975
18.052926864918273
17.922027201202376
17.911671343914215
17.93383723540894
17.926721890435
18.02698787700783
18.028615069461573
17.950017314263054
17.93687599784594
18.078433067355572
18.04428333632004
17.94991578668533
17.91649884947636
18.014834493548445
17.918089690273273
18.052844728450534
18.088172629307252
17.93191917659814
17.972151962645427
18.086254854339394
17.932506018103698
17.986322928652516
17.955793742602303
17.984184714307965
18.03752264344406
17.946750462110092
18.04337176332073
18.04711436987006
17.984820308371134
18.0458592488101
17.944470628004794
17.943700853091475
18.07231093255631
18.057672254634284
17.981069002219137
17.96864116685388
18.008222385664173
18.00387516057592
18.060011917044346
18.005899246343283
17.995832200658572
18.021718622989052
17.9438070779218
18.07676475104797
18.067856961887355
17.94474174391348
18.080598528556767
17.923050546858217
18.08738383952865
18.055682142833106
17.934874681601013
17.919750912684936
17.914937799175412
18.037207275725535
17.96165126475994
18.01666720199383
18.084354840523424
18.0123562973007
18.024690170691976
17.958830574240135
18.078265138989266
17.970512387049602
18.039910061166402
18.04270688512634
18.032917713603002
18.005020973219768
18.03654506296133
17.914550358158515
17.945981488358523
17.92110451488751
17.918854294892395
17.958437784922864
17.943582573559805
17.927493655143433
17.99565992012055
17.9769654343138
18.055394232517127
17.936827054641988
18.071869665787858
18.08465917049955
17.958800570621047
17.996448991273407
18.01918722438221
17.91048933077896
18.045892141598365
17.937975149042202
17.93677288334373
17.969929125641208
17.940097778831497
18.036981496906307
17.98172692149269
17.949846204496147
18.010729397855613
18.05357950627373
18.033487782763274
17.94488146285987
18.035906286902257
18.038944535862303
17.951859515894704
17.959777803277554
18.031435248312718
18.007191890073763
17.956869780073486
18.026004967286358
17.922899812152785
18.04196890201627
18.030486908604356
17.920324204968985
18.011040913668015
17.927706874115728
17.927456502642233
18.03136730809245
17.99231760244032
18.002193122901918
17.983943702527327
17.936778078328842
17.99878860289154
17.947811149787864
18.07149880592963
17.992776902286757
17.932621883576044
17.990806754400285
17.95648120857852
17.952904094282495
17.95164781662158
18.05251829933475
17.95165301475053
18.069039301806963
18.00562654233891
17.979622082869557
17.974462107258155
17.963418604798132
17.94669118038377
18.078808405708113
18.075162549695705
17.952380124595933
18.02639203622257
17.971279507900313
18.074557336027144
18.010523807514804
17.913381670100506
18.0185525024708
17.940284012942712
17.977111550806523
17.97997345948961
17.933347435312093
17.931316701946223
17.9398438792177
18.006333775800798
18.085578340573534
18.07732927396666
18.032928534442643
18.00316898538894
18.012869105896286
18.01723745965859
18.025816727355004
18.078293054270752
17.96697239855045
18.009171359495905
17.92098120786151
18.081464038677247
17.96955531580049
17.934959887895875
18.089471645941853
18.035294296650086
18.048198630015058
17.926400349494948
18.065276849248544
17.96974479454512
18.074025608374473
18.076194011554147
17.990359929777505
17.991027109949556
18.079459157602713
17.92367184039051
17.918359589117003
17.913222475790096
17.91155502536446
18.08689088806112
17.93301849108867
17.9879938451423
17.974723092126137
18.08909782621708
18.054940321299963
18.079777356555727
18.060198010599866
17.978440724869603
18.059267819653744
18.00261297554467
18.065602783891958
17.92773950234313
17.925602973060492
17.9211506181786
17.926459325667224
18.00448883708787
18.05282483697709
17.98118506041128
18.005022871946768
17.991425951596376
18.08951198504086
18.06361414566122
18.039265395294763
17.972139180327073
18.08970626002998
17.993866506887542
17.996280398883513
18.058556207314798
17.976917532391823
18.014981444145683
17.92067919936995
18.075450503995654
17.95223807500842
17.978218334321404
17.998478121607082
17.9910152124462
17.978911901906212
17.97574783964243
17.912562389194484
18.079879222734917
18.010251333538793
18.05734234607592
17.924929105205617
18.01593195515873
18.064460830654646
18.061996519202925
17.915027874888157
18.05480716798446
18.088179367224377
17.979637109330344
17.99682600703461
17.91763127354869
17.981331567949354
17.980482385155685
17.93309210623027
18.063790897085727
17.99555426346446
17.96710956044653
18.08511770321975
18.08968631178233
17.916844864190992
18.074224451957207
17.920621833689506
18.041295762652844
18.022509858217994
17.986123021551585
18.05083802394557
18.01466412319181
18.048878809853292
17.96088153345674
18.088227788356033
17.919333263522425
18.011575952188686
17.961726431583585
18.064287991430877
18.021595030815266
17.928303851675558
18.013186272475927
17.986649368391607
18.067885819883845
18.057095627644387
17.97977760835742
17.970524090701748
17.950290039109902
17.989352549038923
17.929041782578267
17.926568971530774
17.986172189232047
17.919189134159996
17.930439558428432
17.962829833922388
18.027998421429515
17.96659570868424
18.058834549230934
17.971132710036997
17.927938664882728
17.979853025032323
18.024374535085656
17.948439394045764
17.916419391098284
18.054515444432376
17.931202887885203
17.98465029748072
18.069721562122833
17.98337999968227
18.010002127743117
17.957328790005644
17.97245794526814
18.00159409771853
17.994879542633914
17.99468109521944
18.076298392582306
18.042271648716206
17.99662051000995
18.054009132869695
18.059838952262574
17.992486230254958
17.916879774682023
17.976831487490113
18.04620469363331
17.946553144254086
18.055507109641926
17.93058064705552
18.057317477947702
18.013881993538856
17.926055105085172
18.033781672584904
17.937499678766713
18.01154435623723
18.04683802835769
17.961638571561224
18.076007796519555
17.912421701583472
17.977843858829555
18.025611846684573
17.970103217556378
17.95278381231155
18.08042181198831
17.951821882633038
17.977124799946814
18.087787899468655
18.008472114969024
18.068839569973115
18.001453496342513
17.937008378864107
18.08479787432898
17.967125748604033
18.022719534439076
18.057969285314805
17.923642852796245
17.960507997145413
18.02465174212844
18.067055370528458
18.047118336221843
18.014148687558258
18.00612447042981
18.06414270842168
18.03983102083748
17.992648165963494
18.038796208878583
17.97458437114395
17.977248367356083
17.9139433890286
18.003872009348953
18.00614919681268
17.953133229912442
18.005178570309273
17.927911864804354
17.980088403356955
17.914694991821175
17.96389916860084
18.020322375238568
18.081588140343047
17.911071197961665
18.05985814792047
17.93585467207324
17.94753808727377
18.064471510807458
18.084337286649717
17.969101374015818
17.990090973406176
18.055907242481894
17.918667713053676
18.01846810487602
18.082434035484948
17.948936463914574
17.921763557165146
18.06339737844988
17.981569513400284
18.03966156799846
18.022035552384388
17.99428525283547
18.052431491211696
18.037205697378116
17.93540941344153
18.005224049131733
18.057247786546117
18.024410709610066
18.001552049463037
17.946765089155356
17.92659227210688
17.920335356245186
18.036954504538507
17.964550435316685
18.062215342902093
17.910472347586676
17.929078887652782
18.035760884770234
18.03275098632081
17.958582996523596
18.078726127406302
18.05572350802
17.926706640870975
17.980374919617443
18.016515130669113
18.01645345596979
17.920497875719917
18.01842662455833
18.00651153046641
18.002544365736615
17.9266283230636
18.02576313511723
18.061523738203856
17.99683340194079
17.96897988319288
18.072838270991724
18.029428682029053
17.932302125203094
17.964474297545003
18.071792466865535
17.9479234269977
18.074334363770593
17.93728308399562
18.084108245267124
17.95930844850058
18.021129468611726
17.94042193502948
18.05698435027473
18.07516280081935
17.93423454208254
18.069385240742527
18.052959058898256
18.073722780578617
17.996277789907012
18.05877470083762
17.914810304721435
17.92271643111519
17.99028387056086
18.087260669340253
17.989624666790768
18.041293421435476
18.00229725137401
17.999573001107734
18.063681271232642
17.9430116869503
18.021813213611516
17.91615754672141
18.069473717245167
17.98760000964677
18.04479776342401
17.947061785199892
17.97049683690074
17.993301348935635
18.03647818404667
18.056797521683762
17.94837230705286
18.08611663290648
17.96826747993069
18.086393133763316
18.03035394997042
18.045882947110304
17.99675687347337
18.080261713082205
18.0539497114664
17.931962824921044
18.041178226230162
17.92555820377924
18.044553740027187
17.96357146543759
17.91072356215882
18.083140160979568
18.027600245263393
17.96095643198199
17.926016815551908
17.916950012485145
17.951146999642827
18.081320994721057
18.044209497219306
18.030194546723838
18.05062793972085
18.004524714206866
18.08393052886015
17.939660034362795
18.065454304657884
18.00160994290949
18.084040012750634
18.014899287847125
17.974686095924348
18.067571901268092
18.014963361717534
18.01717926241329
17.96796746247804
18.035267818830764
18.015428523975448
18.057102422082014
18.021215246414812
18.029512272482897
17.926300118361624
18.08535984010908
18.021838746156238
18.065912262644485
18.00802967066703
17.97274307083451
18.03185422619403
17.933487282688603
18.049171647269766
18.076182715556623
18.089304676458102
17.945152758100228
18.07311076014389
18.000285037948746
17.947744690864308
17.97049948790123
17.976237763334733
17.920942556673456
18.078450616973374
17.918281538811943
17.95664671757168
17.949332992109483
17.915567532649987
18.009377690526613
17.97844444559387
17.992749615140916
17.911674984007472
17.950511694667643
18.08073051347516
18.01699343325544
17.989975328142986
18.02745235371622
18.05308560700878
18.065842114898903
18.079171278198967
18.060744853683328
17.953845552593098
18.049293446417856
17.951363743038545
18.084863082242602
18.024794247947057
17.984356715380365
17.92890920683033
17.916573909576034
18.055226789034755
17.91992365995348
17.936665591350767
17.980834770645682
17.93795464930911
17.998491661565705
17.993378098774265
18.021902867522822
18.01399736095812
17.987056927856678
18.068700358373086
18.007884343768872
18.02888221315461
18.08565478643345
18.029522797815563
17.96390539093764
18.076487337380204
18.04627747991636
17.967402109582306
18.02779715843593
17.932113855823115
17.98540908207111
17.99899048781947
17.94221746398237
17.978019173991918
17.943394377855398
18.059613456872036
18.08144395673548
18.050958003636662
17.949272083364423
18.08226700133827
17.96047018348434
18.03075417463267
17.993313066073945
17.951269584896
17.96577960300743
18.024430442805787
18.001722808267274
17.92889031860653
17.910110047130782
17.942240607835252
18.07765150786163
17.965763678192218
18.040586862551933
17.94868941800655
18.068644681605186
18.035272470918095
18.045826554179968
17.970441849788543
17.97949295177884
17.93609371886687
17.92068662674716
17.99507880969823
17.94009984563075
18.056376910810986
18.077164761473526
18.052046645329025
18.07050452230706
17.94520115986383
17.9417358713606
17.99409076181088
18.00046751515333
18.063946013011222
18.066307256059314
18.071910395925904
18.01314862812131
17.97353756515132
18.046294948912553
17.918294809222314
17.91067725434956
18.020697821510378
17.926536572357865
18.039760101886213
18.057180706094737
18.01666766798746
17.912392056767523
18.086277165871145
17.993551582870197
18.053079286139525
18.01843801381778
18.089743399788112
17.911343604245285
17.934861871757693
18.021209460053196
18.041820558627332
17.97713953414956
17.949024641897175
17.937586339308723
18.081209269594297
18.089289777335434
17.950520256349495
17.93362940397564
17.966924578342766
18.048686659037543
18.051520860169017
17.931844431704935
18.01073464815599
17.95396273904011
18.029953354038163
18.021234407234658
18.00896095571831
17.945398522220223
17.92283536710857
18.075469939209512
18.0324917084059
18.088675583837702
18.071683324373538
18.089568396934773
17.910571620081953
18.050121573872257
18.02471500352202
18.01422900978384
17.93406202439468
17.930747268840474
18.08864712109429
17.98668109063655
17.929356082733662
18.041708189778426
17.98509341522408
18.067271707245677
17.938814662196187
18.01787785869873
18.03522454554131
18.029514689523158
17.976600199322746
18.065844027716086
18.00519054121316
18.014860851000115
17.981408110344468
18.063169439370366
17.981351990260375
17.9430012819391
17.913788924700484
18.088924842837518
18.023733085245915
18.04560755373934
18.07326153478491
18.04115018495017
17.96819831754205
18.07120096415808
18.029839317348355
17.92450610096205
17.91491396196386
17.994205956930468
18.039302448855985
17.965514455329142
17.93552189380343
17.994208029242774
17.94897208942064
18.057462194203524
18.05663491486239
17.994335248924163
18.040196411543683
18.079203434823295
18.06811349355259
18.06430325456266
18.04388011002943
17.91382138272518
18.025777114536556
17.972272361883107
18.087973853062806
18.00689776639714
18.011954721980075
18.02299668263287
18.03314701934227
17.940895180348512
18.010163208184665
18.076045207771706
17.957378530445233
18.070332590495497
18.053327947476546
17.960238914490915
18.086182803884537
18.05986136424599
17.987129358485994
17.951790352018715
17.917422259370007
18.07089280743319
17.979660723267603
18.054000053358713
18.007341711819528
18.055661160140843
17.98486321849048
18.031441751213848
17.979220097901162
17.918388210519822
17.93113679939455
17.987375171136566
17.951647051966216
18.08666830414562
18.007368686253734
18.056829423257724
18.08753964853066
18.088548776979824
17.937237430894623
18.086875522315275
17.955166013017692
18.06103991682756
17.987045248957266
17.957439594004555
18.0894106298752
18.054447629568468
17.94658807098991
17.990991297214908
17.950089748890456
18.01805058646107
18.006039570340366
18.07465848161818
18.032202529441406
18.02497273896863
17.91828186216803
17.91080732025413
17.945061829090804
18.056389978767424
17.93456054769206
18.027311804290907
17.960782282100336
18.014683437650824
17.957990325688904
18.043660388556102
18.047672122916556
17.976169292924627
17.94125546329493
18.01138225531742
17.95639230169135
18.006330431764447
17.91937821489399
18.03770466017967
17.927936205030502
17.91783745212258
18.05093543294365
18.03708110051933
18.047462531897583
18.066252804839248
17.983291474340323
17.924285890281766
18.070220864272507
17.942365804684083
18.012027588914762
18.033981871693662
18.086640871854286
18.0591160205926
17.95746028914973
17.92692373056615
17.964059103400533
18.075700388630555
17.945605580860267
17.965974046099053
18.0305876066505
18.0078663560337
18.026470984974225
17.921447815148007
18.08369445400062
18.029862632105274
17.915409543121385
17.984669429532506
18.041490145235265
17.92314646084121
18.048768213762234
18.02487066298612
18.081213926882416
17.995770817098457
17.9516316182145
17.990704238610935
17.936008484348264
17.91335553275657
17.912699533040033
17.981483515531984
17.926558627507372
17.96261298240387
17.997651440465862
18.015080806331678
18.008180454175566
18.06924580136242
17.938578535541907
17.917011389303205
17.94250210502163
18.019684446377493
18.022744688344115
17.923811325227256
17.947850028788253
17.988129015028417
17.969273835553405
18.038170896871044
17.95286124559258
17.933589561607242
18.013379017941137
18.011726891143436
17.967262852297104
18.08884629974309
18.082977785262017
18.017559782211276
17.93898045837272
18.01349812114401
17.998410061923334
18.02755320386616
17.98007914281317
17.92514439091545
17.965493763969633
18.065257861475505
18.045644706647522
17.983170949934426
17.950893820005547
17.918222198929627
17.921913719292682
17.92096527558291
17.92778150051148
17.996066724718947
17.95823087417481
17.99556101854036
18.014813357675617
18.076453692302138
18.071081249605122
18.04761766454227
17.9229715349453
17.934864719788347
17.970114153243557
18.004532599154235
18.071289394637517
17.931354959038647
18.052436185390942
17.963566041035318
18.057840189199005
17.932649573152318
18.018847427302283
18.059094812743126
17.91060108892648
17.939724782286586
18.063438574822484
18.02531719072107
17.985016615733485
18.054909801754587
17.95251305295499
17.977537132160343
18.073761685010595
17.92354864441329
18.08874678914522
18.001318097953803
18.03390331608851
17.92690279960262
17.941489834193632
17.974677232813004
18.004312006335216
18.035335349330833
17.973146203056377
17.985994199279112
18.059638919360356
18.043388627859887
17.926783315887402
18.014827738406844
18.011523105288756
18.023134152190554
18.072870087872914
18.004138406387536
17.961740897104924
18.081486985006716
17.961585084379198
18.002285789522652
17.923832512455714
17.93034553296599
17.945453814449845
17.977729410622022
18.057064422471107
17.992052758639176
17.988958621092628
17.990196815766385
17.993281977014313
17.990710491642396
18.028066554237075
18.032457206747505
17.91601797946808
17.945854568632058
17.948895860593492
18.041597045852058
17.929580333884847
17.923757996135446
17.977331434794202
18.04020416313281
17.919888846832315
18.00117024104024
17.980111673849603
17.92020468878459
18.059046576353566
17.93935611398935
17.969751878775803
18.027516380355355
18.077030551638895
18.059079163619327
18.01004701162416
18.009084974059803
18.085486236039785
18.045787678107178
17.933708100061043
18.063281519719002
17.921426435420805
18.008683467580553
18.044710051424143
17.949770609878232
18.03476515135171
17.921515383327147
17.976033348044297
17.96783341088583
17.96742990963459
17.964828226999888
17.954556071027515
18.048173307080923
17.946849192039956
18.083561200144885
17.93239813500376
18.089607671569823
18.030607359594416
18.076114510878124
17.99412371031511
18.057104664715467
18.066023604719774
18.020534514004215
18.05700926199197
18.037597267296437
18.04875323131642
17.937295716807608
17.933871739880466
18.01149228764437
17.955353069776603
18.06078159741816
18.08733034083977
17.93878673935049
17.994813931111747
17.912029364822327
18.033532213771704
17.992643111367336
18.000133434495435
17.955932369820125
18.0702154563023
18.062055406793576
17.947753417234942
17.922289593150456
17.932486929317914
17.991484979456924
17.99416247080009
18.053712017415158
18.007528421576605
18.055748877062673
18.035393503863293
18.067607956789267
17.925460477790246
18.047245068620306
17.96858458942425
18.078473198389844
18.06116198417623
17.97442959053685
18.030938956287166
18.066186214050493
17.985560798868605
17.92244924245244
18.081420315538637
17.99499099729371
17.923853846264286
18.085766498884414
17.961874847307588
17.970364516886438
18.06321008562821
18.043011476861718
17.916931764797226
18.08466891990146
18.013346330598875
17.985104791290468
18.029993872403168
17.95410456793535
17.987001469432236
17.942216019873303
18.06185011672988
17.983763836143893
18.079093381770864
17.928246114215145
18.027740988768308
18.04074475361314
18.03207882430441
18.0404999458333
17.91797423795517
17.98612167598467
18.04050880614796
18.022702578426692
17.92772303060861
18.006839380676823
17.93759937502894
17.963020468801577
17.931716135089932
17.971740536843967
18.00716237121813
17.929747849451193
17.95768720103886
17.923451181085518
17.983171412080505
17.972998697020646
18.05264122680327
18.028741142544476
17.942785283429785
17.9763742775287
18.033715971923122
18.044623211642783
18.088929579692394
17.936408677310215
17.947056918174056
18.053090510621246
17.91451151729484
18.05024185711482
18.079849516656576
18.07752963609569
17.923457972367093
18.031356762609153
17.999485551414736
18.030305526778918
18.08903309898583
18.02452275786631
17.968157145981497
17.96404553031885
18.05483626136241
17.983774522909695
18.029382763951862
18.050821335717455
18.046976110739084
18.071044776343612
17.991379481751395
17.970498054795534
18.04572868179924
17.936883855900827
17.918324048314172
17.976323320319047
18.06045089999531
17.9283296085222
18.039250064749513
17.96706145086019
17.940417126858975
17.974082655271516
18.055024094428237
18.080338043961046
18.054803490907013
17.93832394546779
18.00393373468499
18.06010823900073
18.072425613629356
18.010500035994134
18.056257988846642
18.019815968695443
17.947147826203405
17.965293417220394
18.029972965881484
18.088070672898272
17.971407051548677
17.912357764335436
17.966466201396717
18.06703283961848
18.017066704716722
18.049676501045667
17.97949558652874
18.07655163126698
18.027230189938393
18.063172623881556
18.030282122240916
17.934633991117913
17.98698215158809
17.959841968819532
17.994821023087074
18.016685211969875
18.051602530984077
17.970372704971265
18.058307773168927
17.915823495934912
18.070288871238386
17.965384571496234
17.97456988623907
17.912099138290042
18.011717306736514
17.953974655007897
18.05847355868605
17.94191481816283
18.031845340313495
18.053835184610982
18.024890485589726
17.942262717993092
17.982733806836354
17.9446090430224
18.00465432020224
17.918421684872143
17.96451023308002
17.995142105817727
18.02480141792655
18.08488531982492
18.059952556673576
18.073041848226676
18.061556232185705
18.057292919183087
18.03697400030099
18.03884110762921
17.950239031942246
18.034593476524766
17.96767696221528
17.91692793006731
17.934258106352942
17.972565725876613
17.911286859942994
17.98835633479851
17.978793082471242
17.935693393001664
18.03667774652909
18.057707423212605
17.919333926791513
18.073625372721185
18.04497124503159
18.065099944501956
17.997397804606756
17.933188071445137
17.943083108085904
17.93456613334896
18.054312018082204
18.069462568370785
17.925272237174482
18.01214449272409
18.00304896171846
18.04776280707837
17.989298743168554
17.927173101062177
17.964219290926938
18.027087924916792
17.937728214490534
17.95343548456347
17.918488778864262
18.01330602656992
18.015535580475294
18.086269259505872
18.08734110485083
18.02091529360462
18.004877287288043
18.047044436149083
18.027726925496786
18.079360626059675
18.008392203046448
18.013417336409876
17.939309667345206
17.960441192599053
17.989667936183558
18.020743401615224
18.03980356619173
18.06468561289251
18.04779045186487
18.076826012248972
17.962424500095242
18.017445491215796
17.910975110050313
18.088477077561222
18.007802133318886
17.91021869979395
18.03632393293685
17.93242463026811
17.92890895315582
17.988283104475897
18.079943195749518
18.009893517303922
17.923418963342353
18.089383791155658
17.94319757785861
18.037534728272934
18.025744093101792
17.93781630346391
18.045456401802713
18.02658973187141
17.97529591126995
17.96002771449254
17.929281462051673
18.045118891087313
18.053192022219317
17.938961592037632
18.066490692401
17.961530365315255
17.963454829456424
18.057139751148068
17.930000608307893
17.94768624996533
17.992540902641853
18.040182932618723
17.92418585921359
18.05955296747106
17.911742060868132
17.99331504706181
18.065894944214467
18.04825028463138
18.036616044161292
18.08515503976565
17.930440103126887
18.024450348482862
17.978510715121473
18.081614229527545
17.931599112965095
17.982294141202825
18.077724425357854
18.000207679419027
17.942794455328794
18.02217973525489
18.027461439993537
17.96527958355834
17.994454679434718
17.92311160409466
18.05174053106958
17.924066788224017
18.085467274319488
18.05194689236767
18.027605764730104
18.02546896695349
18.07374298554888
17.963041878905035
17.983210307186383
17.960230022894248
17.990376909617922
17.910184328974474
17.929505848179446
18.046343375482813
17.966478344962184
18.037590892714977
17.919606060730256
17.982172731741468
17.912343692999254
18.056607784957663
17.92225446260852
17.991521586925213
18.076562920143097
17.952813663791755
18.037574514240156
17.953819855478653
17.91789992194235
17.94043541378724
17.983167780848657
17.92216519504461
17.927962719182055
18.017007814427785
18.02330157932042
17.944398386844558
17.955147930426893
18.08480917907914
18.001581616714844
18.082386162724053
17.962065497105744
17.925407919029915
17.967935019710037
17.987623636732394
18.03544718599531
17.92420679325429
18.04030262471549
17.981199039277296
17.96666107695101
17.939043365852932
18.071701038144727
17.9418745654019
17.979106031958516
18.044060436763242
18.005454177314373
18.000549608411976
18.088506439369944
17.980921202007565
18.012532288232904
17.996285640927947
17.92586332783009
17.938311087246113
17.98047459629745
17.918565648799536
17.946762467638823
18.07715142849505
17.986783920696396
17.983538130220538
18.008091189716488
18.052309338381885
17.941122948861167
18.02145269959226
18.05392463661957
17.99328624872557
18.040667339683377
18.014477525559496
17.973287958653522
18.002920081365033
17.940195477507967
17.952418841814033
17.975948092327215
17.959267291048036
18.055698675894437
17.989587257512444
17.93987504469992
18.04180880838586
18.07889235939937
18.0542322978864
18.073057118073052
17.959675455805357
17.97653094073097
18.0634172150862
17.920558758479693
18.073490884925118
17.932103741789955
17.915125309880224
17.986327980330042
17.94233731238241
18.06031928331157
18.089134308992577
17.93382129760525
18.087166141723667
17.95867367286325
17.926715961875228
17.95896142934364
18.06835498546176
17.92858639354657
18.06358113062294
18.026712437994867
18.03086152561315
17.968624239833304
18.013938940898004
17.949687233791277
18.00627704944422
17.95395299295203
17.996968853061468
17.935923071280754
17.95945331984471
18.051456037837234
17.97744032447608
17.918644712803193
17.918897055138963
17.962406759602324
18.032977591842226
18.03157130793937
17.975540317089017
17.952679335330384
18.071129702431318
18.043745782655368
18.02502960930353
18.037701873120167
18.037703952094716
18.05109776457141
17.927288260072206
17.92349832689851
17.93935242365777
18.01399488408946
17.914784695245622
17.955402389730516
18.087603741985813
18.054290236124732
18.027600491541914
18.086546689179954
18.02015895067188
18.080179608937065
18.085380361356698
18.061937448283214
18.062987922067677
17.99316173135077
17.997925627685863
18.060520853639307
17.969275233165718
17.992835851807968
18.063295400688794
18.043719833958004
17.994420577141764
17.95658225634854
17.94696506316958
17.949871182310073
17.987676476534354
18.003860446796683
17.929568951239684
17.914894593596692
18.035650210401826
18.023924590271967
17.923136915320512
18.01186745712958
17.915171840215184
18.042581595924563
17.916037503650927
18.083746389052163
17.95806542868134
18.022885217817088
18.055887724258486
18.04570159223369
18.055339797347536
18.02856910844553
17.997667086463615
17.97555998790094
17.98247075418283
17.95515200448421
18.02975207351875
18.04747754286434
17.9546796413585
17.98201051132397
18.06905338073961
18.02130914781245
17.940649386252684
18.046835033243205
17.991987030946902
18.075254695787816
