0.09816459765699521
0.1019046486703891
0.09920922969611297
0.10083916701242117
0.10434233070043988
0.10144990096660625
0.09850947763806399
0.09539257689042074
0.09729628659362631
0.10405906541505618
0.1040861614729632
0.09752516370271946
0.1007557881634689
0.10499898351252776
0.10369500405630357
0.0951672781052294
0.1045398703431137
0.09970576477295083
0.10245268224410783
0.09794819063551825
0.09546297031324234
0.09666791413788321
0.1049705579142329
0.10044189024597382
0.0978038989925438
0.10087701468261584
0.1030347498652532
0.09967355093527791
0.09958804655141348
0.10473161981039003
0.09963606818371104
0.10013436787057235
0.09602361020220374
0.10356473931135107
0.09779817839002872
0.10166009318197146
0.09713000788953757
0.09588851803950688
0.10332485243138519
0.10383501395244035
0.10205579896409174
0.10185280724295474
0.1027449276736086
0.09901918894993762
0.09524895383043813
0.09698135642104502
0.10430289711985155
0.1039276950335264
0.10095732901825069
0.10441905318398265
0.10317044168531075
0.1031717706348222
0.09883309736031572
0.09626935475978773
0.104892890832342
0.1046317413324301
0.09865600788668488
0.09689556608237976
0.09724507543566413
0.09934417544664222
0.10356087153310502
0.09680790889844776
0.0977441145233533
0.09580708710627811
0.0992795311051585
0.09905484003380775
0.09800235383957737
0.10306911717918826
0.09927262218997711
0.10108699990174273
0.10182267754224995
0.10384895991473794
0.09699680230150043
0.09500985153465508
0.09845765638086931
0.10301230461904803
0.09953477179803878
0.10368674020913783
0.09851368423345147
0.10467084900551393
0.10176626042133023
0.10257516139511363
0.10006704656185562
0.10394060102451684
0.09898911977061937
0.09599946280369892
0.09581968250541513
0.09538530457499424
0.09617543177645395
0.09975804319526803
0.10094796821185595
0.10054812143127008
0.10227685598832371
0.10091176858458739
0.10199253240987888
0.09918520544890332
0.10003665124926392
0.09720422261616786
0.10268360800774876
0.09788536803900158
0.10079973236100681
0.098814819032235
0.09846817023613406
0.10485359028381702
0.10362379437100307
0.10357955482202338
0.1048123485902672
0.10007128322366332
0.09916807919823599
0.10099455693022115
0.10429362644720921
0.10105489031072479
0.09522533908044604
0.09731508352139515
0.10423178421583354
0.10152965721619138
0.10394247143925557
0.09539918049182723
0.10362444646881573
0.09840543599361135
0.10359579115661441
0.10434797824650845
0.10188568036333036
0.10490765879289056
0.0960214901330882
0.10484211361151682
0.09836796001210932
0.09609216214614272
0.10243268108470607
0.10464674292098324
0.096525657830898
0.10101732949068089
0.10319912041594301
0.09667896404773339
0.1044823841394781
0.09744183793569626
0.10202226599644112
0.10086640132759224
0.09781676731156808
0.10355591078448753
0.10439557787977437
0.09673210620661549
0.1023844641857874
0.0981865032494838
0.10367318641634678
0.09503901301546049
0.09594384745221081
0.09529445538823166
0.0989514168258999
0.10247591084734917
0.0973372348473987
0.09966494749690856
0.09835651168441639
0.09540509365878054
0.10107409659194456
0.09542025221839265
0.09652694883936709
0.10345029503059308
0.10147809540722845
0.0994764117021534
0.09904439525835029
0.10368995910092517
0.10201328742139491
0.10046460847653502
0.0964458658506163
0.10240946819688491
0.10090250055699602
0.10107398258586313
0.097882171447675
0.10126688571833466
0.09982800438415798
0.09599567271944723
0.0988090343825529
0.09582198671993919
0.10141603211509911
0.09707161097973277
0.09871782152488462
0.09880472063652249
0.0977536160474828
0.10422921023810354
0.10352058143694637
0.099508332625654
0.10012171751596934
0.09991406571962844
0.10092907519056037
0.0960356903904938
0.09714479928453597
0.09600459889598531
0.1013739502859036
0.10118941515838134
0.10134970678381909
0.09517746690907856
0.09616721858410679
0.10159140142016347
0.10363759222912336
0.09644194587140274
0.09955234160755357
0.09885924977515768
0.10199076335737628
0.09860804034923823
0.09806550847649571
0.09826446915295194
0.10441331749516085
0.09976793854529224
0.09519561839467043
0.10408012697519144
0.10432400846985795
0.10488391085022708
0.09855973072711277
0.09695171033880663
0.1028383067861911
0.09617968093616822
0.10115862261437483
0.09780125876450588
0.09518059526830215
0.10336363281128516
0.09793188603017025
0.10167072795481516
0.10449862701928492
0.0983684658156129
0.10285341762150449
0.10061013370297003
0.09955205998267136
0.0970594403169767
0.10435341596793574
0.10257193210038743
0.0990137463579043
0.10192588423664677
0.09523351534210325
0.09960498053842019
0.10392612710742874
0.10205757492493181
0.09762694415663077
0.10144055501287827
0.10263205569738502
0.10026359424329845
0.09555608614941456
0.1020482695744033
0.10479355301121922
0.10080275917766653
0.09769500520463989
0.09978859050381207
0.09914778664732113
0.09502194192439571
0.09562794849936361
0.09762153816333458
0.0954906748827311
0.10424450415275148
0.09575496403656633
0.09608827245142243
0.10271122356380569
0.09788702324726993
0.09875849593903546
0.09816550400095729
0.10069263948484969
0.095027166856807
0.10345001303678551
0.09928428763200063
0.10342475949601469
0.09659260340518681
0.09910662092478834
0.09505424497925515
0.09587396459556508
0.10458451615622846
0.09554219668905108
0.09860027592859606
0.1040423093262205
0.09762442252494187
0.096018645511167
0.0992856256988859
0.10251243674943983
0.10467471122483975
0.0972466579934395
0.09668668715741525
0.10106527699540215
0.0985472639271777
0.1001200584859159
0.09609273726655014
0.0962751386003731
0.1035960605401499
0.09848211605626199
0.10109928597163989
0.09904590886179344
0.10003718435117502
0.10270384855237032
0.10241735286025756
0.09555819707518748
0.09590748553425962
0.09724734077460073
0.09532952444613399
0.09979548467457705
0.10477551097485592
0.09519057813994838
0.09983067933838553
0.0992997223094311
0.10091214090280011
0.10217074415388634
0.09991813523091873
0.09938210007887319
0.09631737715862146
0.10092131980877014
0.10456153761551398
0.09502494991441503
0.09571192020285002
0.0987174691596511
0.09675565000090215
0.10376047047973463
0.10381834229133195
0.1030667911523288
0.10008728545219948
0.10025580673076828
0.102969561233439
0.10422641450803553
0.1029811711824421
0.09675999056960785
0.10227015156850676
0.10051151725961177
0.10370545923717886
0.09681836319881428
0.09704808413195187
0.10258651975280485
0.09714846909864615
0.09910302547072002
0.09926142387219589
0.09809352179880809
0.10108354461042315
0.10084959918690097
0.09776037699137466
0.09648015889912931
0.10344177839014351
0.09550683876481653
0.10114282824040774
0.09857473002951718
0.09635409147347858
0.0986647314328344
0.098781430886943
0.09807742697508778
0.09660528166401584
0.10283085613814534
0.1048263745512004
0.09884740174531978
0.1031953176854206
0.1026332398288951
0.0969160116880075
0.10184128378482779
0.10149301812961359
0.09613633948264177
0.10071691406583207
0.10215840728565431
0.10200247335491698
0.09546869186921648
0.09762981137290007
0.10425711177761411
0.0994950478437581
0.10095067939928574
0.09696127662681206
0.0969995661449172
0.1014730853745909
0.10199429199272105
0.09770231331759033
0.1040066768651578
0.10289224747448887
0.10084662367410183
0.102378805004865
0.09513774757644962
0.09987595033918076
0.1021784244460733
0.10041717406360322
0.09946135443780686
0.1034617690719736
0.10024143485970763
0.0969216837363064
0.09915141334437347
0.09581819024811855
0.10106688840481505
0.09512730070341893
0.09657424270123252
0.10022721787464353
0.09849904865101279
0.09849316566964936
0.10219643865667333
0.10004524226859596
0.10431060631783363
0.09981768280082225
0.09688682975809924
0.10043205908495027
0.09729963046281424
0.09816967670564361
0.1018144521582741
0.09928960218623047
0.09920505291654086
0.09651346626566656
0.09608734143340834
0.0993596450156957
0.09776686868291648
0.09851750578794663
0.09844870836001064
0.1034780411976263
0.09699363455403752
0.10120433274329217
0.10014809201059825
0.10111553683401572
0.10245834089288969
0.10349522349302287
0.10455970073099316
0.10465373195906352
0.10205837036793734
0.10341525642935395
0.09946657868655862
0.10472077277145929
0.09953715037544152
0.09713705604946174
0.09742564246683257
0.09770979802324896
0.10228875356392067
0.10223977675978733
0.09912120584009583
0.1019303693799022
0.10476784427744214
0.09629577569754828
0.09600431068963453
0.10369499242218345
0.1032142368147904
0.10453085043189955
0.1030056144955668
0.10207639737311758
0.09908891134300525
0.10482768618874105
0.10187644864702844
0.09965480521632467
0.10173492408882434
0.10309855577522747
0.09921270969735481
0.09952472415096837
0.10136930492275323
0.09616739408851027
0.10076300391305111
0.1030958054399231
0.10112207957869052
0.10074626752371264
0.10427901669627246
0.09863464783214479
0.10394017234425902
0.09604470759755751
0.0979141530312075
0.10409182827489669
0.09592822761380454
0.10036267174691767
0.10012933440465119
0.09580914422089168
0.09991697591660618
0.10024491020674645
0.09660621082225443
0.0964252273645362
0.09566669521256017
0.10268795231005408
0.10176618240874485
0.09895605325873953
0.09979476221013679
0.09804024809872801
0.09897359797281191
0.09960331360178808
0.10162727826221551
0.10212624611809328
0.09953620675917696
0.10252230272391404
0.10287086190944356
0.09811221405555255
0.0996663021822601
0.10294997787911249
0.10404764027804422
0.09909910859465902
0.09665689273434767
0.09859869566108234
0.10349637824039325
0.10156623285151928
0.10031729885429001
0.10085646853699436
0.10115631603744503
0.10396543743542269
0.10278386869783629
0.09687767536943295
0.10264482446259143
0.09580041569010116
0.10044321636530772
0.09638620103243456
0.09852561738320709
0.10151201874953349
0.1002048173820913
0.09852181183960577
0.09913421939707591
0.10085097319320295
0.10003891825381721
0.09552569616355217
0.09589162559020323
0.09896370741775891
0.10342723589222243
0.10023236609531896
0.10023037844986663
0.10327364515570803
0.0973848565028873
0.0975700618746955
0.10045353571890556
0.10330700683413338
0.0996951164571731
0.09815605919178672
0.1047743576616889
0.10446278448599707
0.09765542090813702
0.09617593045423113
0.09849321018409501
0.10084132766345345
0.10091510304879328
0.1026972598635727
0.09920322373417963
0.1000772658708632
0.09723852840502364
0.09932703784821223
0.10237445333969854
0.1036801999914545
0.09906650326087035
0.09854113743747045
0.0994133094937468
0.09938577483843765
0.09938131359004845
0.09948000050776139
0.1028433563041296
0.10008054195462113
0.09667278375389465
0.09848762146713995
0.10219369797675372
0.09713381601054612
0.09810220729200499
0.09597438317656756
0.0962518346906856
0.09788865983015563
0.1026421437524543
0.10484568391531493
0.10443490870525943
0.09865949940376906
0.10246412046721479
0.09985797698209463
0.1030489651317213
0.09729504535726352
0.09985967364126518
0.10188679034711609
0.0963738173529378
0.0965177732396622
0.10278421287861512
0.10413491835573599
0.09566268888583217
0.10447585926466013
0.10452081325554408
0.1020175588614232
0.09867636864762126
0.10065261630643732
0.09605237188489334
0.1029966072052805
0.10408489332527572
0.10375095704794521
0.10098010535884233
0.10096341252597618
0.09747330427338383
0.10242108912494217
0.10411643871796086
0.10413916683724028
0.09575578115631635
0.09986429047659359
0.10362513063843422
0.09982346430119383
0.10263045627395062
0.10280027715457181
0.0989592666374932
0.09992746693942198
0.1034896643979355
0.09916378858644409
0.09633936936458165
0.09893174841773822
0.10480064492762188
0.095123965766468
0.10184891684167176
0.09667599773700179
0.10203741725503633
0.09589221940759021
0.0966891485623923
0.09556382302799202
0.09520351581799379
0.09874187599345037
0.10069488368345456
0.09630991095211015
0.09925870726716732
0.09637292506701299
0.09832396140829935
0.09514305629274816
0.10454256671305924
0.09616269523473416
0.09511642685843545
0.09704906544923277
0.09904942808922466
0.09542290011392576
0.10201564275690064
0.09867540289708451
0.10444880808407576
0.10434730205349985
0.09708340163442974
0.10369333781906002
0.09830742687265719
0.09638072828020205
0.09768131303795687
0.10498981223795052
0.10391292777606485
0.09772272257049712
0.1007119834071462
0.09700665504749532
0.0996851775102813
0.09963579522738532
0.09560595584649556
0.09620629832691063
0.10136872852480988
0.09895016967045002
0.09821251468217852
0.09547065708962138
0.09957335864460627
0.1021629695355816
0.0954521125270654
0.10421936679174455
0.10065269680597977
0.09914402417297315
0.10473203654080844
0.10465128102517898
0.1047114464734797
0.10138625394025029
0.095827810310418
0.10098129600391868
0.10336485348563706
0.10384184360577954
0.10144290401700944
0.10434299523500093
0.0979079668520614
0.10111618405959531
0.09920824741319256
0.10406300229008898
0.09534870122243715
0.10306567001281211
0.09661081322921028
0.10270347612914486
0.10248186126315581
0.10208753393570892
0.10234058133674136
0.09969913814199843
0.10398312431843977
0.09513318302410939
0.10056619590766239
0.1013750468696243
0.10066366827078438
0.10230225992108566
0.09677182721577558
0.09966899720476714
0.10101240480486855
0.104306556616056
0.09925416347895394
0.09965074164850177
0.10229954584390046
0.1021806728538866
0.09746587332391644
0.09579847538577009
0.09508744562690646
0.10337091598291838
0.09614674542414244
0.10116810241525874
0.09776298520991311
0.09748694592861397
0.09905871381296083
0.10243029546401188
0.09585430971606611
0.09541123727097126
0.10007499325671691
0.10194282953698171
0.09980694833669965
0.09619667826985515
0.0987326136407877
0.09916443837716872
0.10049397035083137
0.10018038000872523
0.1005475776875925
0.09647229785688685
0.09720173596439398
0.10239903885717506
0.09909133457664004
0.10439513465537385
0.10461982426995699
0.1028819195919302
0.10206668401974953
0.10069141790512173
0.09697378974383683
0.10464427990924237
0.09989705951481527
0.09561006757723689
0.09729891961203131
0.10107282552038235
0.10395859227090827
0.10497753896398457
0.09674728258157124
0.10330140062385584
0.10487329258743713
0.10223126420833098
0.09865802780898698
0.09989730301909194
0.0957001007681754
0.10035008831548888
0.10473146418680632
0.10241820110464159
0.10371252840098341
0.10216187429732759
0.09573684971399556
0.09843415573730133
0.10272281431665724
0.09613645256816958
0.09805273522414419
0.09734429493831394
0.10355677251988797
0.10255295691715995
0.09871419782335002
0.09709319303932243
0.0990162156908634
0.09518108630221218
0.0999191668564799
0.09527188492813221
0.09921777577427343
0.09630282723108402
0.10078241140234731
0.0997869167452151
0.09985506287828347
0.09956247641049897
0.10073762445246619
0.09549056620141327
0.0970595016555937
0.09950844848915433
0.09684108853939527
0.1038732597420339
0.09595233972408312
0.09673871999585643
0.10252781965957185
0.10340566026940498
0.09945129771713707
0.10445017597399775
0.10021184269460305
0.10020971776481707
0.10382676149494245
0.09546045533817527
0.10446877605526993
0.10098382449575397
0.10120288328020166
0.09770142814496581
0.09927379341275307
0.10392983350030163
0.09853677048235576
0.09989352206942957
0.09504861319092121
0.10327975313099519
0.10400739485192632
0.10002622450127013
0.10328018575898103
0.09683661070197268
0.0959100778328854
0.09604188017131794
0.10283086836313295
0.09840155904961471
0.10358046373490529
0.09716828533284555
0.09576310912621608
0.10142798608659429
0.10374050589214769
0.10305905595166126
0.10391306965607368
0.0987742418013458
0.10035330350820072
0.10106327914025531
0.09641184606917709
0.10060320764116823
0.09621299783926926
0.09618936086592572
0.10202296493040627
0.10290165183653102
0.09858647860246013
0.10293312582261968
0.09506441607508913
0.10294349363887277
0.09852055184235055
0.09587793288439317
0.10155579196058293
0.10414196700206943
0.09650676826185796
0.09726616392434888
0.10007964070035885
0.0967024666229558
0.10115922799158397
0.09603870962633383
0.09710697505665465
0.10462918612498544
0.10233092564995011
0.1001684752473803
0.10061704199902985
0.09754441835798171
0.09861187345218732
0.09520304309938399
0.09679386198563918
0.09821090547297939
0.10465744742849463
0.09566525778148344
0.09816560838486967
0.10435495282089503
0.10037326099866421
0.0967825141765602
0.09914091044868147
0.09509090182769131
0.10070418872895831
0.09553378274745003
0.09593066733476888
0.10180518961617194
0.09610169208752305
0.10311419118490192
0.09506157079800981
0.10066128375909082
0.10391793630876686
0.10262302257958815
0.10246868463630172
0.1023105759667712
0.1046935617239707
0.10006455313482501
0.0965948028509045
0.09777857994035842
0.10465103356140076
0.10146662596729072
0.10098962825059632
0.10277569666588271
0.09618611503846643
0.09523900292333073
0.10405108453660647
0.10426711622415609
0.09502109395861705
0.10074016075789961
0.0985246874426045
0.09568085918813969
0.10086715455851797
0.09522325993463093
0.10046258801351898
0.10075566014273246
0.1042446166045936
0.09589380462528513
0.10381764651667852
0.09651706785792337
0.09594371122813412
0.0970312597756612
0.09573781434618801
0.10002716798964684
0.09566843653503164
0.09534690786255104
0.09920350038206481
0.09932023100723603
0.09635227784391538
0.10018263519736356
0.09546466474252852
0.09839684556431137
0.09840946728854684
0.0968796422428358
0.09958629168486793
0.10390755107471707
0.09684722453765188
0.09675123762439977
0.09664920494040155
0.10493972881385645
0.10090129238495893
0.10430817649624108
0.10155146102333332
0.1005131835409931
0.10443753812869798
0.10362981108682026
0.10259025132654105
0.10051164115415905
0.0994035550579407
0.09605771684283684
0.09576985047546714
0.09995687730461804
0.10331821491325005
0.10095658777137319
0.09995267126960783
0.0981892896855722
0.0978583791340376
0.10223896696684395
0.10082200864363165
0.1026654018491389
0.09905998257124331
0.09662538581699143
0.09611201195453385
0.0984401083771031
0.09788071078001453
0.09808510918488646
0.1005255227830799
0.09788762120621744
0.10356880404904087
0.0965436837985318
0.10370340813005527
0.10086875222533812
0.09998817474416868
0.09737492727563572
0.10152797858928667
0.10304852676213176
0.10093903319806292
0.09820782481650954
0.09911008856891294
0.09601027923883787
0.10097041639868701
0.09579002195482843
0.10115871907022568
0.09532831181807651
0.10499157471667714
0.10480265757510343
0.10329897815921024
0.09805349544793021
0.10432018979164255
0.09800217859951818
0.09663927396215788
0.0993805276771179
0.10474327750485109
0.10037381487864773
0.10469234427677789
0.10476432523602161
0.09841435954983553
0.10362935139757136
0.09833759215931655
0.09784182940453301
0.09668929001994989
0.10422195387885715
0.10421968777749047
0.10344583517531754
0.10183067699657253
0.09929051582684618
0.0977125546810098
0.10106769529245385
0.09556754328284273
0.1041694996018386
0.10048815446329262
0.10471667657211699
0.09553869265381032
0.09508148521170409
0.1033482835196081
0.1013680556222768
0.09851586558082286
0.09629705138454651
0.10274139454569871
0.09845534619451127
0.09813794181854553
0.10225661051035842
0.09875500228753835
0.10267257210123007
0.10302300826343777
0.10104934718774591
0.10372917406572177
0.10056868201388455
0.10066718726512411
0.1015795592738826
0.10132848275495894
0.1048669361383261
0.09876305539393011
0.0965913808146554
0.09646859998413293
0.0950730555535348
0.09903279602894785
0.09607990431267457
0.09852648276633291
0.0950615559670687
0.10069696590659195
0.1023732155090707
0.10397346222154097
0.10137285104840306
0.09595233283365044
0.10279883186572099
0.09918131276046505
0.10425046870866643
0.10286693519671895
0.10078748769738975
0.09508537551899728
0.09969172035111395
0.10403215842310479
0.0969603578647715
0.10252907777899195
0.10322929296446878
0.09733733074094225
0.09521370162497524
0.10126244759654196
0.09850695919973802
0.09677196003344246
0.0965672873739734
0.09827442288155297
0.09970016528198555
0.0967880016092531
0.09907797451553603
0.09737946437944932
0.09953660139772962
0.0992073084194721
0.10498095416811308
0.09624327680976798
0.0962889162727603
0.09790307152248702
0.10014260957613717
0.09802527615307481
0.09841362991749042
0.0988861477269832
0.10403875290881957
0.10191209960640053
0.098942651741854
0.09521122700832624
0.10195046578624915
0.09556856842174709
0.0950067464077813
0.0958187837491844
0.09612121848601898
0.10255823951610868
0.10155938919392767
0.10459580285420962
0.10474931630442345
0.09713792482789746
0.09580070683425086
0.09755207502596523
0.09657521563899649
0.09944134881906867
0.09611408466317575
0.1035386582491261
0.10429197590099408
0.10482407840959264
0.10188246239093007
0.10087628230296292
0.10038461193649763
0.10263637880300562
0.10097925057282636
0.09740172125780401
0.09784697763877247
0.09872256174451359
0.0992986296514856
0.1006434757484785
0.09688562094155943
0.10300764532009098
0.09634836450970273
0.10299896194855887
0.10263517465503073
0.0970879350044687
0.09569573825754388
0.1020129693989798
0.09748737805361007
0.09882854156579912
0.09726865375116149
0.10123593346158474
0.09715304456400056
0.10463342803756687
0.09737181827465123
0.09818011472696317
0.10384110194760258
0.09571290862018217
0.1011206021207448
0.09881293673013317
0.1031805567714573
0.09760656147878677
0.09621363061077089
0.10033821480677965
0.09934412177904746
0.09837244313368675
0.09613856985577049
0.10248610982631223
0.10070243348126684
0.10186861846791438
0.09675306855981143
0.10047829085301478
0.10248325648049256
0.09989555024432806
0.0962039047065541
0.10058576832189303
0.10208249180717263
0.09511153352457016
0.09998406704870984
0.09738842715653631
0.10348153324856932
0.09580769449023978
0.09820851757584156
0.09614964929922873
0.09862480115296475
0.10483027003632879
0.09824824143948183
0.10199007743615271
0.10061198720105513
0.10076001097274283
0.09651355131612419
0.1027791129456275
0.09716425452976403
0.1028356687354097
0.09719501066338308
0.09750151171534256
0.09742371387942278
0.09537729275425373
0.10091308793202466
0.10323122153228478
0.10129860440586472
0.09820775396210907
0.09790808633017493
0.09750845428479919
0.09643001355320564
0.09563592966920431
0.10379987226994251
0.10307582250114364
0.10136590052067941
0.10232832993106555
0.09914916713529034
0.09608714960108639
0.09606567936247334
0.09744743382800342
0.10467001116506544
0.09879820442193853
0.095924224039073
0.10249203762916685
0.09854052504596583
0.0966662545101235
0.10342008477468498
0.1019025362830281
0.09757466942079877
0.09962732235648325
0.10074242980725026
0.09938004679308575
0.10098823594408061
0.09943042061502687
0.0971584341940422
0.10050970294653046
0.10052708122733717
0.09574328005885568
0.1034689479365405
0.10138163438391105
0.10283774912395556
0.1037147086585965
0.09608329381933993
0.09669160975382596
0.10034600824890914
0.10476782243065037
0.10152704330238015
0.10058416362181198
0.10062775520596919
0.09850201914128491
0.09849105838887097
0.09543638150724555
0.1025058395425041
0.10078330537548416
0.09942408882709185
0.09590776394698765
0.10481486445378994
0.10414638599262442
0.10166043754857997
0.1047234525881218
0.09958963557017254
0.09636769459772129
0.10093716109346537
0.0963302268887142
0.1048572335838791
0.0952781580202152
0.10453852932382328
0.09780468151192034
0.09503577586317692
0.10043675218324433
0.09643308169607169
0.09540939655939043
0.10443628575890293
0.10007189206607986
0.10402255178090769
0.0993466563060824
0.09643348350670056
0.09925890256306785
0.1033401438888648
0.09956790476289987
0.10166563267144565
0.10351772687368099
0.10083635717114126
0.10254581063619218
0.10222018234823281
0.0967940749102499
0.09869920767152544
0.09539238899258598
0.09745411406408257
0.09964900665105254
0.0960472122994813
0.10426016718200114
0.1047574256844603
0.10116274816140956
0.0976109930948141
0.09626019239372681
0.10008926417840107
0.10388758797010043
0.10275659178582121
0.1035245729624996
0.10401172305373349
0.09992705358111978
0.10324512415729542
0.097851814357529
0.10255772072136426
0.09709865650786871
0.1000768377650604
0.10374321400688089
0.10152609416306217
0.10071643185249572
0.09573847523822185
0.1007795224511223
0.09608876033585245
0.10052027954231293
0.10084197639965181
0.09896310041540254
0.10469407304031816
0.10129677742055888
0.10282137070719397
0.0975799419533737
0.09944686595867706
0.09898388245760482
0.10008898597934628
0.09847858534070858
0.10119284344237466
0.10457834742106319
0.09956814895522066
0.10042535982307921
0.09557838301205313
0.0962546043377842
0.09915400456190397
0.0970837652435845
0.09803680936603709
0.0965949892224609
0.10345892110089071
0.09551269002667119
0.09966504497444764
0.09618653713230475
0.10013368836897547
0.09652396831242305
0.10363120006992797
0.09880886594256225
0.10310591459666597
0.09890059336021129
0.1000780338657183
0.10357531003315158
0.1017802924439998
0.10387448811273506
0.10039170745850465
0.10272809732079337
0.0952443614962657
0.09936075978753284
0.10371460005794331
0.09933436261502937
0.10280581826277682
0.10299581362609364
0.10089564947532499
0.10071761603949639
0.09637183028191816
0.10153944081205503
0.10203017955129688
0.0969199230251427
0.10036140387886829
0.10153774629100928
0.10300469149391824
0.1023775276567787
0.1019871055790633
0.10284453502216115
0.09639928516013459
0.10079913360922702
0.09645088292436671
0.09599956705005513
0.09534449277704768
0.09610504744766092
0.09991588158406814
0.10030508906934602
0.10135883466279834
0.09581312337297339
0.1003934213549326
0.09814967785830266
0.09783555768254816
0.10371240804174109
0.098736555721609
0.0954304089995173
0.10448807789549654
0.09990209558520667
0.10182147284643861
0.09539100476866338
0.09926157908578093
0.10364746897920223
0.10446820850441396
0.10430832617450635
0.09809540295153091
0.10041745877098648
0.09659584480983682
0.10416681083992536
0.10275046363451325
0.09567402889805614
0.10498397848605846
0.10376568769161998
0.09849699971250861
0.10433111387108202
0.09947026808443385
0.10478409561142736
0.10386327384915103
0.0982006245533537
0.09672372378042741
0.10017957762322147
0.0980742993999024
0.10414763457489772
0.1015219850093327
0.09685828259877644
0.10089417755442869
0.09787248301024538
0.09680492989526317
0.09858640114508667
0.10076262943766554
0.10232958958990276
0.10180771322966523
0.09567274435053841
0.09716628048600179
0.09758992738644948
0.09810952188522162
0.10369112445442753
0.10108484407749015
0.09744722305898545
0.09705896499057512
0.10399151217406062
0.09822153084510234
0.10214532542719314
0.0960610209790613
0.09557734034801944
0.09621326550144846
0.09972779055481609
0.10486666765655316
0.10192051762288416
0.10288148456338526
0.09751244959457031
0.09883673771535324
0.09973362579253262
0.10398695884241861
0.10129938514381734
0.09905886720645164
0.10280854125100682
0.09567630579574202
0.10086148892362493
0.09979463795312002
0.10356118114147435
0.10380147325677992
0.10194466382310863
0.09674307591683745
0.10415000593129979
0.09886155743345083
0.10470560478588942
0.10435898519498892
0.10117870846830211
0.09999674386001924
0.1020648693274727
0.1034685150323763
0.10312953976698565
0.10245458742985065
0.10447575120676965
0.09620636794828635
0.10171693817980754
0.10140298172964207
0.10218864879391208
0.09842143988716709
0.0954214717504829
0.100849514146062
0.09673445439854
0.10011068262924261
0.10403863660292068
0.09891388657993415
0.09804072280224009
0.09752885489013478
0.095292709954209
0.10312265186371868
0.09842327878122216
0.09956146018927328
0.10093428240708546
0.09871872425240581
0.1018601290650174
0.09874330178864217
0.10301508553822768
0.10476340924752596
0.0993517124545102
0.09563028729364012
0.10382269160128912
0.10118600475174627
0.09962890076872973
0.09563542767770898
0.1026707739114138
0.1017609812945886
0.09578515336524734
0.104688289256534
0.10259710531614
0.09804415824395034
0.09633275049517025
0.10160746949196604
0.09512559394973893
0.09987405867606801
0.1041587124476383
0.102316219405193
0.0959757721163651
0.09615225036869461
0.10129524525927389
0.1005566490432592
0.09764732515402437
0.1021163196321642
0.10082913606007408
0.10459056823307802
0.10429663756247812
0.1043363367848565
0.10264555596753105
0.09922362694269693
0.09697339223646007
0.10211069423985086
0.10097391994978795
0.09711223252912074
0.10355934332906726
0.09706435965695577
0.10442858847857264
0.10240556233827085
0.10048050068308598
0.09563434571984852
0.09842415877029052
0.10304896178901836
0.09599538884432632
0.10111804559075376
0.09800726180076648
0.09885354231507662
0.09667017822228435
0.10475430342327713
0.09870142937240929
0.10087636390290924
0.10357384807022833
0.09976818341769385
0.0985631217247289
0.10123355618213332
0.10343464186424639
0.10150678304288095
0.10447307768795001
0.10228433685649828
0.1045757302839964
0.09725958732137986
0.10493695466113943
0.0981233285703037
0.09916879823517585
0.096792801919075
0.09908505822613277
0.09983956967275676
0.1029306135360184
0.09713816363366704
0.10355488919432604
0.10398682803205198
0.09702551865259822
0.10293524346645327
0.0989418786206074
0.09557693420594185
0.10351480675022212
0.10357086045603735
0.09618540941445675
0.10403433896746536
0.09885522952688286
0.09966260685808702
0.1012747996898136
0.09700540328820383
0.10331849382739178
0.09962839622372016
0.10305143604709095
0.10370959802393825
0.09702602905004126
0.09995887395108675
0.10196560237336223
0.09919752503328993
0.0993288294379497
0.10212504843266465
0.09996736688752605
0.10367137988987417
0.10165570925961316
0.09747842405544686
0.10373749841050807
0.10344663695921337
0.1029205899235344
0.09730427156726174
0.10101109731392305
0.1016389616693815
0.1016875111326863
0.09999457782965772
0.0956943959049791
0.09917465680823032
0.10075793484759611
0.09718902364043183
0.10209732466893988
0.09639327075380656
0.09773450997177158
0.10188209189877179
0.10398531061457787
0.0990961484286284
0.09530576308225411
0.09777160968001174
0.09865848554890876
0.09782638084355766
0.10345091292445571
0.09507240612684498
0.09820139132641355
0.10131212682701737
0.09694628807784048
0.10098091305215946
0.10095194943935497
0.09706395375659278
0.09632242919023996
0.10176263094489553
0.10039398556752911
0.09602392264544064
0.10446904856111515
0.09506807796968998
0.10462612853893839
0.09623802465437173
0.09753854359530899
0.10185048137321431
0.09528660657880794
0.09545082263114636
0.09519529876248443
0.10081674307702292
0.09642313986010544
0.09888267802944936
0.10285340829030333
0.10460818857083579
0.10332676187759515
0.1008532718787544
0.09667255042624626
0.09845713950240965
0.10468209149847776
0.09500737019293395
0.09631644826633583
0.10243597793948962
0.10374880892696149
0.10174814973017245
0.09533563387476994
0.10215475440400854
0.09666765588031036
0.09777193936175929
0.1018483092011808
0.10314617563771751
0.10286382918027141
0.09857852465098213
0.10394119545371856
0.10088897416147746
0.09818388569232994
0.10009083311454348
0.09817219396897389
0.10474121094833767
0.09738217937484558
0.10062076530636876
0.10490265985119751
0.09948457981422287
0.10189369779268843
0.10066499674257459
0.10101743696550058
0.10233961864839096
0.10198988524764534
0.09968771747578135
0.10311540833340738
0.09686200631167413
0.09954354057747818
0.10354272047130851
0.09886023479100069
0.0988810965290405
0.09634302464963265
0.09631941860814508
0.09674023064606722
0.0958570151798458
0.09620504197586613
0.09993200830489837
0.10033498861440128
0.09806028221127187
0.09734793458788361
0.10423580485348556
0.09877517244255091
0.10277727555075696
0.10431391196904667
0.09547665215887322
0.1022405290659397
0.10440327214906463
0.1027489270023918
0.10498546993589307
0.09606542006034553
0.10022067590638202
0.10051974589799512
0.10290496924087089
0.10049208760252666
0.10473220799018676
0.10497752766524454
0.10377522556791009
0.10450400637336815
0.10474774376741848
0.09973009356404487
0.10216660738804834
0.09793151988623788
0.10243295502864819
0.09691100777094151
0.0980593268046172
0.09841960572250427
0.10311299742263749
0.09767866538332202
0.09747011888160384
0.09917939666937625
0.10252477762393934
0.10344936554100947
0.10205541405461048
0.10313741936745319
0.1025771849864705
0.09525777909093637
0.09902283703512146
0.10327153182072268
0.09516187596567002
0.0982748765640364
0.10259767832455509
0.10329615304665597
0.09647524304934021
0.10337185789052128
0.09569464552731693
0.09533159177623292
0.1031926427979719
0.09766997622412193
0.10422814114536931
0.09520088610949054
0.09922039505616696
0.09997765090475134
0.09537403931898113
0.09995855989055219
0.10125829807216215
0.10001978913588513
0.10450062547619508
0.10246176300006656
0.0989222770040758
0.10345905441955874
0.09704095708522815
0.10416451943828169
0.09930294138504159
0.09562214952556042
0.10487397244151009
0.10023467552767282
0.100067799245181
0.09530619587194145
0.09833936014826604
0.09577885280647519
0.10097752102067993
0.09598111239623837
0.10390695429035383
0.10046460868281959
0.10348232449363322
0.1015560639633254
0.09919448518691025
0.1012532062493953
0.09585011277533394
0.10494174915303996
0.10017836850027491
0.09674266394732628
0.09788951615959225
0.101702968578342
0.09644248779762721
0.09910576378233216
0.10499549859794098
0.09560803479010051
0.10421282437011602
0.0981764500711946
0.10196824436297128
0.09741118376901961
0.10071540812450647
0.10209202612470347
0.10496598919111587
0.09729112470714697
0.09689494256240797
0.09817590859330362
0.09542781180700372
0.1047891605788036
0.10450413946158688
0.10072460267813213
0.10217663285899697
0.10043361226462845
0.0990100792175314
0.10374276809157125
0.10057241775862451
0.09642886761311763
0.10124000639276069
0.10455582452540184
0.1033279409647461
0.09920940232356971
0.1012361466222154
0.1020368424857684
0.09830882315793285
0.1022824343240252
0.09691339461588266
0.1009277325823122
0.09684323752771416
0.09814245713340182
0.09717927474354701
0.09722596840745021
0.09847233168190295
0.09703315426605602
0.09767539785148072
0.098424557174022
0.1048393781129338
0.10260256596710157
0.09948489888042462
0.09525747985455389
0.09651420833087974
0.1010708780948286
0.10339326471294905
0.10399907391957908
0.10008373369451273
0.10213976747036231
0.10190896187791484
0.09917325985455878
0.09772231609582722
0.09514810763636794
0.10192187727318647
0.10170891869791336
0.09972608345713038
0.09509272897371523
0.09928556602515862
0.10076788193517269
0.10432660019411898
0.09677241109500723
0.0959062110118296
0.10115754545727816
0.10352854271081437
0.10144193891103816
0.09857721447653109
0.10000685809608144
0.10466027339353245
0.10245143598766555
0.09549766591109549
0.09984859991586122
0.10161257689691397
0.09643997937304159
0.10432611697033692
0.09825689844780061
0.09929712789616361
0.10172371451136546
0.10267105468130795
0.09971048802753883
0.10134473189942539
0.099575232857089
0.09516825799584058
0.10440062191638036
0.09766017284192904
0.10184161301225815
0.10413914939930904
0.09530327495069853
0.10011312342845821
0.09895753511731158
0.1006716993488638
0.09818766717761195
0.10161708520808292
0.09837527346768093
0.09580356567275024
0.09656072853879441
0.09941918098503873
0.10122442227709738
0.09783813208534951
0.10419139611150975
0.1021830091025699
0.09697957805916167
0.10125024523627424
0.09651826740298115
0.10328226588280653
0.10079623055935188
0.10338557815703515
0.1029153066550752
0.1034955952184622
0.10463002395258234
0.10058829739097018
0.09793346120384115
0.09598308600172782
0.1038139539949855
0.10138350731505913
0.10102123416179004
0.09605137293283583
0.10143051779524075
0.09929620706600453
0.10059413097740316
0.09923087118775364
0.09541252663576792
0.09944125238990963
0.09784958224145138
0.10460289791866224
0.09791818467964945
0.10192687350000282
0.09767758430845852
0.10218324927906308
0.10008524720263262
0.10032192722440642
0.10328262743194457
0.10369846129282072
0.10449168420590849
0.10388157091596315
0.09587497773505758
0.09763564080108397
0.09886594897405848
0.10031376585924107
0.09534930100603474
0.09917569380391006
0.10381830916057742
0.10243614361304025
0.10214467464198067
0.10182466512252122
0.09775378987177051
0.09822578087401589
0.10143811886978511
0.0986590004328262
0.09653157858238096
0.0966274988948528
0.10162616600316528
0.09984376126953537
0.0979181741203002
0.10476014822952058
0.10041354323997995
0.09652976737009546
0.10445921030229516
0.09738929150302865
0.10178551728090561
0.09702770844792315
0.09539939557777681
0.09877018007453994
0.10089897443414
0.10448830203736116
0.09789486291141089
0.103009686772716
0.09900761709051423
0.09574714246740834
0.09960325803307574
0.09666898230115156
0.09984787551881258
0.09623256982076989
0.10459142653678989
0.10193502644891274
0.10090477700949829
0.0995920604632754
0.1001217539873736
0.09562748913609373
0.09792371245185033
0.09920109142675089
0.09688444666124378
0.09898056316351005
0.09757913691579811
0.09517142463582158
0.10088868847988586
0.09935412816024033
0.10086709906137831
0.09550920604146608
0.09562597706290275
0.10056863991470283
0.1016848184331185
0.10432733526937535
0.10082123856074923
0.0989603300516176
0.09933897409790508
0.0952585604860334
0.09599696865020274
0.09919212880974759
0.0987691682105674
0.10250275837841365
0.10075799197270756
0.10359367968868403
0.09912267334731324
0.10010193371292456
0.09960935642053809
0.10033358455752568
0.10331919173658842
0.09859361314502127
0.09962304256956908
0.10268131273554391
0.09859602914868512
0.09764469085292808
0.10413079374114587
0.09936865823396385
0.09839769010250181
0.09784166974689108
0.100779210236198
0.09797556417633159
0.10308432950895306
0.09693238444462579
0.09734812430443258
0.09815628759971516
0.10388342699534489
0.0980353106203213
0.10367380659276554
0.10037243889929663
0.10310026926945966
0.09927722711614652
0.10005084459741384
0.10237824433014515
0.10340018618101349
0.10414092027669687
0.10286019107490922
0.10274702729936672
0.095518627291375
0.0961291910459377
0.10117174909276082
0.09691225221619226
0.10193543314838106
0.10017287802874938
0.09678896468761708
0.10322466281913183
0.10115122640018243
0.10267648888013563
0.10400738441244083
0.10106890148856966
0.09801936625623725
0.0987063671399247
0.10206847709298897
0.10303292616649466
0.09798922169484049
0.09683842480133843
0.10117097867125377
0.09571224491915645
0.09963398793468244
0.10130617938295489
0.09676134774273107
0.10475529336828013
0.09637136419006977
0.10001024815613158
0.10253760792440814
0.10317824335794121
0.10356694502640706
0.10061021847868892
0.09605159186157064
0.09565334073644069
0.09655927402674125
0.09686413410474874
0.09983491360079724
0.09826097490834437
0.10146988742549402
0.10363093718997678
0.10347948609199052
0.0974473529629013
0.1041928995894985
0.10144218638856953
0.09898385816539898
0.1015086265236824
0.10145236921551574
0.1033516274914338
0.10253276600314493
0.09559021444238777
0.09565976465049093
0.09609874651034137
0.09984574848851686
0.10090787095548352
0.10117563327318727
0.09903350402880604
0.09623745891565234
0.0962278284916636
0.10099708712134027
0.09922263207158412
0.10282422817690477
0.09599080899843518
0.10057733830405259
0.10025865890537511
0.09984181200239663
0.10484784198308104
0.10076514649601086
0.09839580919215563
0.09546629695802793
0.09709800112061882
0.09667907191821293
0.10190034645486476
0.09640887551684807
0.10175746519043076
0.10037343467785108
0.1034876942003202
0.1019701810909741
0.09580801243608544
0.10458392115280496
0.09794059520335795
0.10076509301668427
0.10165056432837227
0.09840887985993985
0.09804719923091958
0.09575003755347691
0.09757760948646044
0.09516122294632093
0.10022213771139339
0.10156077632063457
0.10099377034096436
0.10127888619009236
0.09991480748619543
0.09839070633636667
0.10297520203519211
0.09581577260420411
0.0989067524035945
0.10012530949271069
0.09582529532958434
0.09554967689712947
0.10415269273594227
0.09975322500770747
0.09966114505368706
0.10390371031938993
0.09582329786164769
0.1003482905686967
0.10494775189821655
0.09580188297655123
0.10123915937836295
0.1003055155810747
0.09877921269013665
0.10263904715506077
0.09951857289591085
0.10025379426218474
0.10234952226083455
0.10266974484795223
0.1048756512932068
0.09530146686320498
0.10339163972682013
0.10050360648385184
0.0956847030068589
0.09859690219350031
0.10003704110202354
0.10098934400221832
0.09823150947785404
0.10165300234313324
0.10409795745417799
0.09657939438618864
0.09690317891082587
0.10110313523133445
0.09734977480430196
0.10019101344999387
0.09581623848743745
0.10022149317222874
0.10452926331243477
0.10295585306651373
0.09642516613526628
0.10497946934160039
0.10180072163015307
0.10181146914191876
0.10197149088045601
0.09542722469367657
0.0973722476250044
0.1021328952165709
0.09988367344490426
0.09735833201427747
0.10036847024847247
0.10382619758135324
0.10040268691437973
0.10382459403402784
0.1025125450715181
0.10417407855327418
0.10324975022381656
0.10047277019008453
0.09882660521559032
0.10013045167565476
0.09659061200826059
0.09901282220068054
0.09930535383596495
0.10195323728196078
0.099872032455472
0.0982376326023342
0.0977039720928777
0.09866164892385075
0.09523145405400653
0.09969088802906918
0.10188491224070423
0.09882422121085094
0.098132273418641
0.10417447335834781
0.10451202677848964
0.09571556486356615
0.10283280046638896
0.09617915686323147
0.09854894727642792
0.09582026616582931
0.10271257280949846
0.09933685560615554
0.10422436050302154
0.09916678361816626
0.09989618893180481
0.10368913505260834
0.09971209142790165
0.10037972549809517
0.09893270619134766
0.09661100335052007
0.1047633285902966
0.09668821906660155
0.09847499400767246
0.09859106599345396
0.10029917265241853
0.0954144360618041
0.09739037171883017
0.10215848796940415
0.10438103982478103
0.10072704896876038
0.10328871595117753
0.10326050438161094
0.09682685041740818
0.09840249887814455
0.09954598982875021
0.1023707994364978
0.09959324186429581
0.0998370844690992
0.10156459515006032
0.10094656814508705
0.10342417037117242
0.10237725894150775
0.10406081237601213
0.09604528511462852
0.09855997784554786
0.10340087065723239
0.09586648748738753
0.10049092026597696
0.10116447886684769
0.10047921045338351
0.10047025348579786
0.09966600796151394
0.09745184550295755
0.09770052377661412
0.10180358361070473
0.1034742088405366
0.0977193453637623
0.10011161570469876
0.10396291666092589
0.10394396755982893
0.10177453984534793
0.09663671509210821
0.10189841338482482
0.10186160331984927
0.10463086464581538
0.09884883134266234
0.09913335402261708
0.09902959248747062
0.09775898842986071
0.09619880738849183
0.10189712446894897
0.09704165465193008
0.10101082563372141
0.09781362757553906
0.10132862290534787
0.10478919737984513
0.09956917806148377
0.10244537858549996
0.10236156040720226
0.09614884344536892
0.09646399942281902
0.10158526163777656
0.09927602894710931
0.10159599999099089
0.10173460352208938
0.09844086063034894
0.09941279898357058
0.1035022644297167
0.1024601238813728
0.09619079889490852
0.10358085448055752
0.09881795254467272
0.09848349633520814
0.10272579748267321
0.10216377206964143
0.09595507461622299
0.10147444926746654
0.09685898556125222
0.1017421854159455
0.10176987316771452
0.09704313712879892
0.09533798714473479
0.10396297119795292
0.1017383036226677
0.10097998311132236
0.10161034213224966
0.10299618157024104
0.10005502177077867
0.09561418516403922
0.10447840341280974
0.09734611362855865
0.10430712847072812
0.09942855498355957
0.10034584347971824
0.09514745120199246
0.10404255731174014
0.09884745401395136
0.0960495494114891
0.10002779194293082
0.10204775165461376
0.10168491677679262
0.10433117950688522
0.09872176466449073
0.09808990120071524
0.10073474940673327
0.09743618715360773
0.10478397640206119
0.09513058063922158
0.09542597540783443
0.09885273090975637
0.10043983498921885
0.1044938566777326
0.0971520362046245
0.09869027449281705
0.10243096666411713
0.09549592160051092
0.1013514498842063
0.09939068353301027
0.10426675605415546
0.09793631192871494
0.09747609965396689
0.1037287096057021
0.1012676698246339
0.09997381479119215
0.10339943513367428
0.09859228745506946
0.09952046717037391
0.10341041823027453
0.10240365361965642
0.10202871875292918
0.10424396379669587
0.10395739671820825
0.10192726303717596
0.10448343948176436
0.09866012190454422
0.09549631871444769
0.0980183034521031
0.09658937592156963
0.09943274192926323
0.10222091144462454
0.10004647809672952
0.0966803492514585
0.09712199938340069
0.09715300889902309
0.09652551463211206
0.0970769582002874
0.09860362673536291
0.1003450401768863
0.10207003658748419
0.10075236310125021
0.10004638713131143
0.10347761051749535
0.09704891777890622
0.09722439955064195
0.10238423095860096
0.10217727913458342
0.09687528479485163
0.09768442573953078
0.09872704623020459
0.10035351552904988
0.09647106195848953
0.10460387897552194
0.10167023773432837
0.09567438298911468
0.1037900996014918
0.10350467814116944
0.09809202086377956
0.10357993273210961
0.09993794126595823
0.09974519177214543
0.10300939011015403
0.09634618491170542
0.10424752317364176
0.10121166102619988
0.10492904798578193
0.10328475921698062
0.09503673040854221
0.10389811517508354
0.10018102598109406
0.10138995739568171
0.09509840213294798
0.1049338609506749
0.09512411685518755
0.10352166458332644
0.10026369540669407
0.09788038713960809
0.0958125290993234
0.10265168441099207
0.09982988253903699
0.09632767207822526
0.10039098565359965
0.10139625405892391
0.09928348222171811
0.09868285730599996
0.09975168055251327
0.09731731033882159
0.09560144712327767
0.10050398997561803
0.09637951594120137
0.09860099985227927
0.09799752511653448
0.09803847901466652
0.10130503534011112
0.09870985763422946
0.0971709323895265
0.10018223370421703
0.10027503374839425
0.10249695699255991
0.09952585071468707
0.09966235812992345
0.10321960777990778
0.10331625562064614
0.09802620849125313
0.10028390381549068
0.0998796203983245
0.0963302131831603
0.09819648568687937
0.09528655920278666
0.09537966117090521
0.10455690027330077
0.09626130773258615
0.09926268937680961
0.10047599279884345
0.10300316750691667
0.10297074529351212
0.09542247092648139
0.09683596596611604
0.09586337908938528
0.1026914225101929
0.10132372100387972
0.0967973308881966
0.09622092833245223
0.10301282725501244
0.09914312973484607
0.09717455332712631
0.0954551725441792
0.10290739184196429
0.09717769665089354
0.09902755066687938
0.09869953409120077
0.10145252452791315
0.09506810320141328
0.09852701158038099
0.09939079492073993
0.09906892521009955
0.09914322002028823
0.1047520949005939
0.09539942406906712
0.09503542718132657
0.09946481253839161
0.09989072509823252
0.09637071683499411
0.09895504000102386
0.09846087808565761
0.10395486135319179
0.09773464619391409
0.10153102002589023
0.09626301563679238
0.10382956202178709
0.10397950663330092
0.1005972315450719
0.09593594949306647
0.10443595297673694
0.10320597971416484
0.09811090865429356
0.10342883724759926
0.10458546033992604
0.10434549651665871
0.10178696726057034
0.09650784485691921
0.09629312457333632
0.09677787955673862
0.10301013287020312
0.09786420876687688
0.10473946844996147
0.10120517561184957
0.09572098448759979
0.09593018506285497
0.09799442281905796
0.10172588657923697
0.09711889881652673
0.104858692735385
0.10182748909809675
0.09973080928796965
0.0986809583272977
0.10217961618056612
0.10333274515442539
0.10391849687143108
0.10075363408748127
0.09682528751562908
0.09872903767239095
0.09565058596541523
0.10463815012843829
0.09598010451855973
0.10241766672288821
0.09822217682405665
0.09573646345716405
0.09648663109763436
0.09522062448067979
0.09727586475451763
0.10375270538140248
0.1007494598613538
0.10038017982257312
0.10087396086155069
0.09619397367297641
0.1027895145374027
0.10467696793041692
0.1034753958900585
0.10296186869430662
0.10132095632113447
0.10076559211484203
0.10387854453597213
0.10063431957199302
0.09687851667592252
0.09534858562849054
0.09707243750325031
0.10294020539666737
0.1003798107684024
0.0995280331980542
0.09566389021880074
0.09953421824370591
0.09622722457224488
0.10412180170407771
0.09550629720487608
0.10351236290268882
0.09985303940845405
0.10479784304868087
0.09546421767323154
0.0996694444020126
0.10208031511810255
0.09779254714625514
0.0998434216075583
0.0959356332103026
0.10276981402223238
0.10246345781805694
0.09722520517084435
0.09718234048515009
0.10088102209119108
0.10438759960204631
0.09548725412933019
0.10087796488578676
0.1018664400691428
0.10097693258289661
0.09514688925716808
0.09541097609132458
0.10183906137565003
0.09526718530203467
0.09679490428659611
0.10424557336160702
0.10302186019578834
0.1036177190160204
0.10455375198788629
0.09773931243843215
0.10048625554615596
0.09628648838199058
0.10149261660760857
0.0967293254198316
0.1037425825382619
0.10182440943522787
0.09709457888149745
0.09773084385126077
0.10458469277902249
0.09964093768386909
0.10457114092606484
0.09754231897698634
0.09586990434682909
0.10256600372993582
0.10295316779045682
0.09586234949219803
0.10084647013044262
0.09944042585198745
0.09638539887675815
0.10126109433249868
0.10011793369186346
0.09910512987716219
0.1012487699556854
0.10362750742925854
0.10268349422960579
0.0979255713093428
0.1006890046623672
0.09631571702061452
0.09553264409213234
0.09648322911283687
0.09553364684508275
0.10043097088549968
0.10362294775748475
0.0970688141591708
0.10263018410603189
0.09569656825683635
0.09859790016037279
0.09827034887206575
0.09937447567264797
0.10418666375645565
0.09908082085302795
0.09909953156644899
0.10081692718015411
0.1015091332110443
0.10477494312848297
0.10247937634126857
0.10358712335671451
0.09642363838647937
0.09741848147687983
0.09784894574258153
0.0956371293377742
0.10355880900452448
0.09884327441363941
0.10312073109170256
0.09864284699171189
0.10341215032899935
0.09816419246089012
0.10148912004581176
0.09703496238128609
0.0985597087396753
0.09768489647353988
0.09723209463123347
0.09989633232099504
0.1048066556693815
0.1049782132373909
0.09607383303879681
0.09633191809316197
0.10346399577374152
0.09570975082698208
0.10288354689084395
0.1039782889925185
0.1026028710403949
0.10210524734259344
0.09903757432817546
0.10340799257713203
0.09786219582922875
0.09795655280226866
0.09539976175245454
0.10341766914157804
0.09515662072232088
0.09809690542550778
0.0957920887159597
0.09871000049682904
0.09529218963799348
0.09602095301352719
0.10448266479562728
0.10236412321804887
0.10091348369911816
0.10207442301296424
0.10402141758522201
0.10478855775756342
0.09806496722544125
0.10042149495247077
0.09683385736612236
0.09548037998597494
0.09735751999313175
0.09741558245653706
0.10189138051699399
0.10280869332400994
0.10183818873341446
0.10116470564212132
0.10119448079845787
0.10477867537538205
0.1034551154857744
0.10307180232987928
0.1036077847749411
0.10128834106408748
0.10331587199341585
0.0976509886464133
0.10251316765836957
0.09737973471913408
0.10179087307687824
0.09519878630126734
0.09972728622468327
0.09525120557581637
0.10370290775535673
0.1017093291661867
0.09607880638955531
0.09871696674859182
0.10393348529820287
0.09968845550672706
0.10027664449826998
0.09800445187853161
0.09726913995821074
0.09565890790387528
0.10438259120887539
0.09798183542230623
0.09702040712821824
0.0999295094105144
0.09853441500148465
0.09661938736214075
0.0980588091673205
0.0978480734386317
0.09690730251730162
0.10136900674887951
0.10417884323793361
0.10149724438377496
0.09646296875043141
0.09970171731029664
0.09562659687701856
0.10407412254294152
0.09986305699670738
0.09648840578239487
0.09563168174675479
0.09857601137201745
0.1016037143122113
0.09905713833280898
0.10200814856796468
0.1048319694766737
0.10425868834153182
0.09972158747170191
0.10244930002997338
0.0952597884298177
0.09721765671115104
0.10498571755784611
0.09811475602881227
0.10331560558424602
0.10227303687705686
0.10125718574533367
0.09586152101349374
0.10439809183347565
0.10333961791036629
0.10445318518660864
0.09507123864196963
0.09887714666253529
0.10206275917788464
0.10446545197996196
0.0963424923077145
0.10307593440038583
0.1027029164033095
0.09767508353506149
0.10164689223210903
0.09641801049829707
0.10020548872592525
0.103858398831738
0.09757268089172783
0.09821447650083842
0.09940097430662054
0.09901948006778034
0.10498514757025329
0.09576379017554264
0.10174513114354285
0.09754892666708734
0.09845729635599809
0.10242103328375651
0.10372373434544684
0.10008831858829273
0.10025185422817548
0.09617076868760903
0.09767840714789658
0.09902324642088536
0.10115355745282845
0.09641567327978241
0.10354177143005136
0.09895545943337755
0.09993442683741903
0.09717435911272666
0.10161076359646955
0.10350887634796169
0.0964127210167348
0.09625453138260301
0.10353946836729033
0.09689530189868623
0.10124199863197669
0.09904235213531516
0.0957881403181375
0.09813747347864608
0.10420771178906782
0.10151228570474555
0.09987941677114807
0.09648637723870941
0.09779601801204492
0.09768827417174923
0.09726794101008665
0.09624548275499978
0.10392015979060384
0.10072081854754072
0.09789805138222131
0.09535150466539943
0.09669827640595229
0.10030949608002919
0.09916274466061216
0.09792167439483226
0.09754956785568246
0.09911284470349006
0.10177685742111373
0.10016424794157328
0.104378773204949
0.09850627630859256
0.10468705264542069
0.10203499637358981
0.10441672450031235
0.09847858832537254
0.10046448810358452
0.09535170526830088
0.10001668768191566
0.09922913949804485
0.09634304579943316
0.09648439476474684
0.10033469235670497
0.10168080155649363
0.09533749005911639
0.10203002062474285
0.10043601685088045
0.10061829572324947
0.09564691636752815
0.1017348182132418
0.09840920557404347
0.09800788424103403
0.1044158087287196
0.10246633455663187
0.10311559080409727
0.09901821968035052
0.10156718318778123
0.10469858777320008
0.0997705292179705
0.09975123379459902
0.10259451490577462
0.10335536778001757
0.0957905355097567
0.10239858481996894
0.10366908504964223
0.09841346503736657
0.09513736140813113
0.10444775466886017
0.09877471214777908
0.0958882981529822
0.10213344584274206
0.10052399486767546
0.10335555094963557
0.1023865581777635
0.10244101381166994
0.09886295130880965
0.10249640845496073
0.10040834336201411
0.0953812927323514
0.10457019889207148
0.09502482210086619
0.09544524592066607
0.10169049062634454
0.10085585601382434
0.09535027516220955
0.10452293063848157
0.10487195638600934
0.10359417712106303
0.10312485055675619
0.10370692253083016
0.10082401803284827
0.09565314222391869
0.10016071186989899
0.09656482544495987
0.10363184105703026
0.10135230211159976
0.09818308403776085
0.10282346221223257
0.0997091507854193
0.1042312326750413
0.10401169593814436
0.10190672613945029
0.10161258892044146
0.09986249795679886
0.1004167921646611
0.10164465484147901
0.10397130887498703
0.09629871363706742
0.09693061382692944
0.10441178385803043
0.09519957778935464
0.09969945076374509
0.09694439166984152
0.09703277196163974
0.098449771065138
0.10103202769762976
0.09907733948473534
0.10497647813160807
0.10398605309197398
0.1018260456458866
0.09934807341168941
0.09734019107171098
0.09951517220046653
0.10055080918720496
0.10414128302815799
0.10396923610313143
0.10214425788975103
0.10042617627192751
0.09792990321084266
0.10210610057292085
0.1028608179907529
0.0985545271182628
0.09653788161293674
0.101970177466711
0.09642613911179639
0.10117779003016683
0.09911344201118444
0.09779473017216403
0.09913775190291892
0.10183575255002855
0.09601901488593713
0.10280666475738806
0.09529939420212256
0.09973277992593312
0.09589481330484356
0.10462584254593449
0.10153757105347239
0.09813401571279844
0.09930523527380834
0.09532835832953579
0.09933330758700455
0.09612751578549639
0.10165926354241907
0.0951067390290421
0.0982832400728924
0.10360188569993599
0.10204734460329275
0.0980309469035478
0.10174007950031179
0.1042597936800097
0.09858487511673727
0.10008570525614308
0.09698191508791537
0.10320778076936817
0.10148482249850761
0.09944088033591349
0.09777685483067487
0.0953544110797966
0.09806249102426565
0.10435145524343024
0.09558162432632211
0.09692034595766018
0.10494322920856662
0.10171132161952809
0.1041356707408959
0.10360312642326432
0.10417137566081616
0.10054037329555728
0.0994158565161394
0.09636981128706953
0.09775287242712313
0.10205271666473792
0.10285562352370056
0.10234920645141003
0.10161252526057082
0.10355838425182196
0.09785051810999676
0.09505579443285828
0.1008925018340732
0.09725159391556226
0.09943569127717738
0.10089250464351009
0.0976261641202998
0.10476378366909002
0.101847136806113
0.10099575596315187
0.10306305674459829
0.09832995093361946
0.09597510955368814
0.0967011938920553
0.1022570993782956
0.10024378540877206
0.09733826758418927
0.10054270685892165
0.10072446645576043
0.09712305409003645
0.10183293607160812
0.10459984958252544
0.10297148477748745
0.10371667487293317
0.09845110272943626
0.10209660600257464
0.10289094678655249
0.1041089448242943
0.0961733273917016
0.09755809241402853
0.09957643875478543
0.09733987085796868
0.09919568802691492
0.09719148108000758
0.10447150113613474
0.09560940708647407
0.10326999722420915
0.10433263362327716
0.10012391224151872
0.1049619047803038
0.10142041030562277
0.0960127418287158
0.097811519821408
0.10154134306072712
0.10468626997471062
0.10010562447668568
0.10037121204208846
0.09664465555314364
0.10074784466614836
0.09613282573236286
0.09608253748355385
0.10319390151801663
0.10246295432698055
0.0996134992712494
0.09671150053128494
0.10155907101649395
0.10063192297335327
0.10034769641426203
0.10037332998925774
0.09787153867860125
0.10257543743011978
0.09885914061786755
0.09628009664229091
0.10452441290940584
0.10363130607246142
0.09855572342112719
0.10078788143591118
0.09691518278474909
0.10052254254547978
0.09991063977473026
0.09795835744647972
0.09960223930659617
0.09697192083679794
0.0977927812163715
0.10106565224646141
0.10328389925848552
0.09864317425671423
0.10407200498156416
0.09905400547792556
0.10395687303036037
0.10370064540504086
0.0981915975454149
0.09854571481652144
0.09950892623772292
0.10004928835135111
0.09572665569601038
0.09634419056766318
0.10190322071913833
0.10084447644331176
0.09772111006914079
0.09731883658670352
0.09735595246734445
0.10127529751148114
0.1047767253006978
0.1032459012345988
0.09653428774575583
0.09560936525700518
0.10047168092814555
0.09683897059442431
0.09627818938509763
0.10154783983198035
0.09713531536597732
0.09833371357656336
0.09687178976634515
0.09668936610444445
0.097810799880636
0.10495910766766618
0.09806629595952845
0.10123541804944462
0.09613656822917864
0.10204195068471708
0.10433245375769709
0.10370880379764376
0.10463297574712227
0.10205472693844021
0.10171690858459756
0.10442414292682245
0.0951653102247255
0.10127659971125544
0.10033277582911358
0.10243612873829916
0.09917144074077573
0.10306207953503524
0.10075317067636236
0.10170220458018604
0.09793199660386183
0.10460297742625983
0.10188887589764006
0.10278981833487989
0.09680919532005966
0.10087643093812572
0.10022105427789223
0.0964229991145413
0.0961104048324463
0.09878407615371361
0.10495070983065322
0.10497691624988262
0.10393929397138849
0.10220824490734828
0.09733989587034728
0.1025722539586068
0.10209836070213138
0.10317595048300214
0.10362680203841788
0.09681313006975203
0.09632397476152044
0.10185179678360504
0.10250140654270412
0.09632878782667309
0.10266187514460069
0.10090434987328084
0.09865880723023708
0.0994220809471527
0.09810800604893917
0.10163383750286514
0.10485771108555605
0.10423753950064375
0.10215112495540314
0.10378190292281585
0.09885518066065473
0.09623152884623738
0.09857706884198926
0.10407381129845676
0.10159969623452254
0.09959944043528196
0.0996424125251186
0.10245435265384667
0.0996164493158057
0.10471824532858352
0.09987516621486113
0.10030681410301787
0.0955167413886043
0.10259780215509827
0.10091516125492084
0.09546213160993203
0.10049393277608806
0.10292667584227952
0.09582173193200336
0.09534210283567254
0.09834279326109444
0.09871661430875284
0.0974096325999862
0.10491153715366093
0.1004354139854318
0.09632434535777128
0.10470580297451296
0.09783232294337875
0.09521422026859389
0.09588595601270457
0.09865350257219767
0.09841626382030402
0.09615319287816099
0.10222197292375564
0.09980832056420083
0.10255117188239145
0.10274319346817173
0.09588572043813323
0.10217689063715277
0.1006865565922809
0.09700364158856677
0.09717283989457683
0.1048421568990648
0.10299754532316992
0.10210823168993985
0.097323174715016
0.09701978224057133
0.10138078321806188
0.1006776128893548
0.10084864196864514
0.09709866587183577
0.0958628074554339
0.09922305551792705
0.10286237768202242
0.10472476855696522
0.1046162852558578
0.10315979934009309
0.10217103567116545
0.10331915412842393
0.10299108207541115
0.10209569402030039
0.10204922978165899
0.09623121796183465
0.10188597037264205
0.10298431265123832
0.10418320564916266
0.1040298522142766
0.10414290737139632
0.10438456670091929
0.10398842835311033
0.10174950655744687
0.09766306178767098
0.09654796565867979
0.09546236054994046
0.10107857941290549
0.10399716930276869
0.09588013436209405
0.10233079737004164
0.10234962850093557
0.10274040503583372
0.10321184128122224
0.09949279444577262
0.10468152936988392
0.10023292843882968
0.09990694248442236
0.09742837237144772
0.10197039959091472
0.10237081936546957
0.10151659532877741
0.09838888709276866
0.10160811877189162
0.09799848698909876
0.1038491005435793
0.10239253805379812
0.10339724798234251
0.09543440764887898
0.10221555678851639
0.10479537603710366
0.10492244461595958
0.09875072035108076
0.10120326447504062
0.09719094733533684
0.09827270661026563
0.10459115509907269
0.10108749011855213
0.09714339668276799
0.10101935257501732
0.10193663651364104
0.09800426449936335
0.10471608450007437
0.09556473934920595
0.09778910688645283
0.10359595271436696
0.09502136282003737
0.09811931094455442
0.10288224291082142
0.10249324242034238
0.1041242653473571
0.1027737138233342
0.09557358831722704
0.09591236240706692
0.1004371326516982
0.10457432822342562
0.09581761971990652
0.10169636262641962
0.10174714241142109
0.09848604573069901
0.09531216433693043
0.09511249480021607
0.10218925322392913
0.0982731850320542
0.09725583777638291
0.09533829592984364
0.10490284424461352
0.10140057650077278
0.0994011936435532
0.10323733604175145
0.09543021964651598
0.09557360034833692
0.09606210219387822
0.10165903192168603
0.09807857513549259
0.10331199518394577
0.09610523820538457
0.09617620291456788
0.10278794682795038
0.09594226792941941
0.09754092976525586
0.09796424082710062
0.10238088411541356
0.09703897201839395
0.10142220804741534
0.09943760849161382
0.10297189905442423
0.10114707758324766
0.10285795024938764
0.10293290609398921
0.10458194201295551
0.09875274703606249
0.09924261825333154
0.10023249858177477
0.09771369369080185
0.10100056907162516
0.10246121651846091
0.10308191057070003
0.10293640438000332
0.10431858724962098
0.095533411948414
0.10157933945793539
0.09519959012645925
0.10085433828551457
0.09568849085678363
0.09964131567102343
0.09560357678071738
0.10498438275283757
0.09798326657637381
0.09857521561680853
0.0992322691334551
0.0974394398927696
0.09796063247794708
0.09741239817084088
0.09832407551425831
0.09672198132372853
0.10080673791363604
0.09879555191277925
0.09749407814133833
0.10382456089165625
0.10051629355490801
0.09627901497152722
0.0957354467900306
0.098150615449409
0.10490653263643951
0.09630869392611816
0.09687614910385736
0.09645290558347995
0.09588690342056468
0.10044708802272242
0.09549227503023494
0.10314516844343181
0.10283706782347456
0.09779572642800788
0.09979421689537357
0.10434431681797986
0.10382760248369312
0.10379035255878606
0.09922706602766947
0.1010037003811434
0.101005431954973
0.10247103424622397
0.09834467606729028
0.10074853179274314
0.09965170382667157
0.09826004158793852
0.10439914559019366
0.09726431935084463
0.10067971969792308
0.10138175369920635
0.09695059263169374
0.100116271569287
0.10076534715622214
0.10048580902031654
0.10402932220383769
0.0992709092373849
0.10348969056120548
0.09930921858462137
0.097257052129665
0.10493902077383473
0.1024115848049472
0.10169400906166519
0.10383961521921664
0.10227714071583137
0.10273659657044032
0.10277507376404442
0.1036604368766415
0.10032615517675345
0.10073648584735304
0.10457038935743367
0.09649338451048904
0.09569365806998766
0.0967320305801046
0.10376729527606823
0.10283075261484156
0.09725363815361011
0.1034326530263861
0.0964135535676059
0.09933820849044184
0.09686312045701137
0.10453900727734117
0.10314869621212253
0.09756615363537975
0.10087478031107856
0.09689200266645151
0.10164758902306566
0.1000507952067224
0.10303133280486322
0.09908367942190648
0.09740199092716109
0.10453776728334829
0.09550397919155379
0.1009106354253805
0.10016593491419477
0.10472888001748829
0.09518709549920437
0.09654298544311163
0.10115767066863567
0.10008715799670863
0.09654564732955914
0.09500252924539998
0.09995410906296179
0.09767630826309652
0.10264579083793775
0.09735924490593637
0.10454702736176243
0.09849437509357901
0.10263572246406798
0.0958559212390924
0.10454722474305536
0.10165874593715721
0.10053137362805785
0.09918036285516157
0.09774934902206318
0.10485011103312403
0.1009548428948862
0.10131886740115852
0.1014820076634591
0.09852026359014603
0.10039289740826772
0.09730596027399219
0.10098366361210503
0.10239401775400465
0.10181930510068857
0.09801630563009602
0.09528645075757775
0.10379163722540455
0.10019233179840928
0.0990179615471365
0.09751440307010777
0.09508181491400328
0.10220218876775097
0.10166862551286943
0.0994215333190544
0.09573911414555815
0.09566543102109804
0.09882471187925167
0.09844515955646238
0.09937444562340059
0.09910491384067224
0.09741106401636179
0.10263972707879336
0.09563168732231717
0.10336528367303022
0.09660835970771874
0.09995401169046036
0.10235555230558695
0.10023012542907715
0.10036501139796856
0.09993280541283549
0.10030523641443014
0.09816040787620119
0.10401019587263188
0.0972233161281889
0.09900221257889728
0.09763629570172269
0.09539063791291057
0.10283926177159786
0.09609749864482295
0.09675836813362092
0.10437062935872629
0.09877527086101819
0.10238014755857548
0.09759562656665008
0.10288669133762089
0.10197891931090171
0.10252721922148547
0.10302448016054752
0.09853828908143225
0.10290291204240468
0.09787399182943034
0.09579574525705176
0.09821563792530424
0.10092150138869059
0.09946288996134822
0.1041558046768399
0.10024137909692621
0.1029067476195678
0.10430069232573953
0.09791012489184592
0.10102212625964963
0.10162926691333765
0.10450650869607839
0.09992781895074801
0.10026191611230632
0.10148685900862076
0.10073899084332534
0.097727277340485
0.0974694598310611
0.10050538500869573
0.10056210714388836
0.09531344167822593
0.09780453670435539
0.1011914845141215
0.09875771130363832
0.10405961579095248
0.10040456488117117
0.0979553826620773
0.09647042481164513
0.10367671259969842
0.10091525368086332
0.09739246056853094
0.09756324853294356
0.10255822285831653
0.10389975767758511
0.10423569464836038
0.10042911869530105
0.10224107028757841
0.09803427770743771
0.1007797901420493
0.09681247144131425
0.09740824222301034
0.10436566611969614
0.10244594334379135
0.09925120849820988
0.10392990516474773
0.09994782723627633
0.10346611803923975
0.09933620399026037
0.10126810088768608
0.10427479870581731
0.09769420016636676
0.10413903465550585
0.0980137222809819
0.09979476349132191
0.10480217427197543
0.09756020221665244
0.10406658699436387
0.10251816412135661
0.09875330936532754
0.09617040093124787
0.10162915248455903
0.10469156069516042
0.1015662399282282
0.10407803202192661
0.09780919508893318
0.09778386024546508
0.1012554272991239
0.09524094997421066
0.0986977821213428
0.10470434599956024
0.09684109662470518
0.10026216245552085
0.10424728745465758
0.09828866244361924
0.10455992341184168
0.09753512860677938
0.0976249399115537
0.1032152081162073
0.10214474339540482
0.10427117695048332
0.10281554787935249
0.10169365694102783
0.10285964620619613
0.10309331673818695
0.1030719345756517
0.10446230109188645
0.09847661243053443
0.10043495651849524
0.09716350591488067
0.1019685964857841
0.09555953973967514
0.09799992619408829
0.10036462783083334
0.09512644387202705
0.09518639653162905
0.10377576202633985
0.09738373531416084
0.10124562283192448
0.09857651857025922
0.0956100660465133
0.09808531010175395
0.10309522276928389
0.09908795292940373
0.09869557598399754
0.09562426497681914
0.10263843072674411
0.09788338112490205
0.10364693671801868
0.1029738174798781
0.0995341266785993
0.09556079096023071
0.10385320515490769
0.0990419917513485
0.09903676326828217
0.10152065008484748
0.09558210142771291
0.1008711353011668
0.0974656253217858
0.09808419316157017
0.09629776071661093
0.09710085875648831
0.10033449727940821
0.09763126647321305
0.09512851687375644
0.10347614468937272
0.10444621376104128
0.10431443510414304
0.09585285533544073
0.1036644682886604
0.10389779194625631
0.0953249529367747
0.10383677428629087
0.09796179811337052
0.09571725659043043
0.1006153377233115
0.10340586926961105
0.097432541860893
0.10445105867309283
0.09553322850676546
0.09863289850502485
0.09515388443924075
0.09558963417914375
0.1041019654093644
0.09621022398832565
0.09782921274875146
0.10437570931593575
0.10034887776488016
0.10221428302529975
0.10181365845203705
0.10221629896923203
0.09952489409630627
0.10320733820366237
0.10036947097061005
0.09675431316852329
0.09552824074298998
0.0972092193783667
0.10133342490235436
0.10451026441870144
0.09630391056598206
0.09549925318917331
0.09541300058774636
0.10118174891603095
0.09643249989791748
0.0978707434203898
0.10412155979575917
0.10268446760170116
0.0995163215635885
0.10440863783441466
0.10309344346222488
0.09582987875051156
0.09626194658983933
0.10010202011128876
0.10307010867937974
0.10486631638734079
0.10152891899549114
0.09716253913199363
0.10265290171972422
0.10426170080277948
0.10272165117426521
0.098770818000349
0.10482376297041562
0.09786324908213678
0.09847842141683841
0.10216491817693371
0.0981585106983894
0.10464668558693181
0.10191191467698532
0.10366823385906211
0.10090608839280465
0.10084492790908556
0.09995944873044156
0.09833551762091436
0.09737553624329386
0.10451765659754984
0.10120244998366985
0.09629601309927978
0.10046336710801512
0.09587191125689418
0.10227096640054788
0.09896678280681713
0.09856922166854942
0.09811042178990759
0.10356245144018728
0.0950687457224418
0.10176803593506048
0.0994736974832892
0.09558152164454278
0.1003836378756535
0.0955975464314055
0.09526055877644818
0.10007080446980397
0.09551826937504243
0.10179611394742741
0.10098895520739169
0.10170397103356937
0.09956568896268889
0.09721130778555591
0.09918176957353703
0.10072082953676093
0.10193194086218367
0.1034156049633527
0.09740884172777703
0.0965869112051137
0.09770418238758942
0.09554657679906238
0.09557737086900736
0.10098453131634844
0.09985336846415817
0.09555897110878317
0.0967229882637708
0.10089711166154068
0.10176114193032633
0.09884965810456493
0.10357236605036567
0.10025611982890376
0.09695942023651823
0.09639170003645525
0.09579178100054989
0.09680047854898785
0.09996416820356101
0.0967107960461263
0.10231552351869265
0.10407174916551055
0.10109304036511607
0.09579009873444326
0.09609191032306938
0.09612683407197006
0.10233874756645027
0.10081988735645317
0.09853532981515287
0.10053466454057555
0.09979328599711673
0.0984035033026063
0.10384540250726206
0.09981343256654546
0.10498996724340182
0.1011658602839024
0.10037388477262478
0.09548807556944615
0.10176937207881086
0.1038924622674235
0.09710082134388782
0.10433102155654167
0.10259470025689024
0.10043772067744379
0.09775462174790497
0.10352319509780204
0.0978029038069316
0.1014135420887234
0.09697383827968803
0.09767040125129395
0.09699926513521163
0.10086286585707578
0.09970384775468095
0.10142017314941305
0.09657895347670037
0.09827078837749804
0.0984777540946069
0.09819708377023346
0.10076888860152396
0.09810956323830274
0.09550788826759174
0.09998581672908814
0.09785876289349744
0.10231227647281256
0.09794730140243776
0.09874301859637445
0.09520939418484453
0.09502891316140653
0.0993613738400755
0.10011712841652619
0.09892562654758591
0.10357312650617861
0.09561638121476258
0.09734945193427305
0.10054491764635214
0.1033854316379792
0.10428496483223264
0.10054209371171186
0.1049023605276532
0.10412038337655377
0.10219376581833371
0.09932314904117086
0.09544391845753789
0.09591622065406417
0.09737844366252758
0.10498263533315155
0.10249389407416772
0.09705519677878696
0.10128334705106419
0.09722200757328334
0.0962574689333444
0.10435037084495657
0.09944583595783112
0.09767120885173593
0.09649651385989926
0.09622124287373932
0.09763145910714009
0.09823060545676454
0.10412269059477172
0.10094735109842976
0.10088723028090557
0.102504930024522
0.10462945758016855
0.09850673293974493
0.09885403578130246
0.09651560551526135
0.09695212099040257
0.1023346421393918
0.10222311725714987
0.10342621637249921
0.09817220513861816
0.09963519057307581
0.10004916089219655
0.09713214395376837
0.09777577788990087
0.10349642632705407
0.09988691873732489
0.10203586458814656
0.10421809692127405
0.10345008301115809
0.097952153118892
0.09556204222688551
0.10441547573152378
0.09774143085282803
0.0962689713044537
0.10025801441071197
0.09703457839975207
0.09916747713137694
0.09521895131247629
0.09717396951679913
0.09898395363818577
0.10165435013223982
0.09607778912339128
0.10383701096002
0.09610200949836366
0.09664047862036163
0.10362024955917794
0.1008548548689201
0.09675435414583634
0.09531578841326308
0.0994617853243084
0.09803913568893205
0.09649187156214785
0.10287778759348927
0.09516423882201433
0.10447715506356099
0.10369308783943854
0.10152254281996256
0.09536737406757054
0.1017825186332915
0.0951576628073285
0.10190614197032533
0.09969135839224283
0.09814259205766561
0.09536869776829823
0.0983937720192926
0.09825910314249713
0.09864305263397734
0.09856060460043539
0.10462095869151586
0.09654244606323449
0.09656090757691912
0.0974763393495321
0.10419633730762635
0.10237051518230801
0.09881824817943127
0.09989297711679077
0.10069569581806391
0.09536562452717508
0.09528824392546961
0.10186143189195518
0.0968748358443651
0.1034804619913008
0.1020618641396555
0.10489281537966055
0.09662360873879433
0.1009259576944629
0.10480404532041071
0.1031744909392629
0.10073185536018127
0.10222636316070294
0.10072850945573796
0.10220542668390141
0.1026894196287265
0.09983942578387439
0.10152063995427635
0.09688590773694573
0.09841850657879438
0.09973822590057699
0.0994613799382785
0.09983658253760674
0.09617501701692384
0.09865036619296343
0.0960652852405196
0.09745432986897257
0.10284337405972489
0.09970073616263714
0.10253907798511003
0.10186289226993435
0.09644430789170645
0.09725954199867792
0.1038063587265958
0.09508272486758042
0.0990443168244364
0.10373381242678827
0.10036851754920505
0.09543027070933455
0.09899343245231887
0.10368744956276121
0.1001620987768025
0.10469757912014896
0.09537338702798441
0.10249473185180136
0.09737139651451192
0.0952711619294082
0.10458399606930086
0.09560382119143412
0.10408522227736562
0.10487840372076454
0.10190549863487926
0.10456200759746465
0.09948569334608003
0.09898007880522974
0.09548184537699478
0.10049875551479771
0.10089731396155051
0.10181824687267306
0.1036279619125007
0.10437623186429544
0.09855307311659488
0.1021077100964458
0.10240480497724043
0.10336171622092782
0.10373878639084512
0.10421507697379938
0.10009467436277382
0.10143266149953656
0.09884289561043837
0.10469325813078488
0.10364839834458575
0.09544249263936497
0.10270196615519181
0.09742959089389029
0.0979968766737183
0.10029392089817178
0.1015057677919645
0.10051502082471524
0.09625051377087421
0.1017695499916636
0.09611607113097421
0.09830218201114907
0.09919710529516795
0.10232464317030827
0.09776071346212371
0.10488418760509141
0.09978264688016712
0.10395318820272526
0.10173507463623187
0.09709147442691245
0.10431329157320547
0.1017477849183272
0.09675760981864553
0.09860912086082566
0.10390851885726772
0.10180841390549479
0.09560481419469884
0.09862053770506965
0.0984723251013227
0.09547214491243697
0.10056849316376043
0.09744314459562627
0.1028625809097406
0.09994641685166289
0.09523394706144338
0.09771259969538718
0.10410339142716465
0.0987476870384796
0.09651700388363209
0.10288612515056987
0.09893485766166452
0.09958904579482562
0.10437589252910606
0.10099867558101198
0.10074581566681415
0.10049909675281787
0.0968597702203457
0.10297084040354793
0.09840847876634805
0.0955896577538091
0.10455221109555497
0.10307714848117244
0.10359072957845519
0.10200821032486994
0.10291243634701719
0.09585062155748023
0.09584458967246713
0.10032714489172058
0.10304989305445864
0.0968573324501837
0.0991485835973633
0.10267332287584655
0.09930165677231735
0.09534246732844881
0.10327645446903204
0.09927966275926267
0.10139304314435019
0.10157726166855591
0.1000936997058779
0.09751815978780574
0.10399856137778295
0.09997968594448702
0.095158690916802
0.0958210375262674
0.10082765165108133
0.09853593478230997
0.0985678268942018
0.09755084947656205
0.10125206736897054
0.0955889620019639
0.09928392499040502
0.10406964370850191
0.09814027656350614
0.10159013991366972
0.09737479014334868
0.1016726325799358
0.0977295422577877
0.1021303199548051
0.09850348453814889
0.1047261063341111
0.0973646861251616
0.10256875222355963
0.10411422384950489
0.09953737977967124
0.09991435569685456
0.0993137635378273
0.1047494373650993
0.09552633874790892
0.09504626207146553
0.10293158213103949
0.09591221300026526
0.10337330626463734
0.1017566817526139
0.09899851235832742
0.09607729943380135
0.09610942668633146
0.09775154222174723
0.10315732100144892
0.0977318550528665
0.10370111108634575
0.09502762940533584
0.10334502548034544
0.0976557691291787
0.10060268597760107
0.1027601241205866
0.09877668483112718
0.09600155594346126
0.10104135078932391
0.10160673205669662
0.09614689691812259
0.10408082554116677
0.10227696133441139
0.0953025059920716
0.09678961407574893
0.09734975119445934
0.10255243170295955
0.10117567202167617
0.1000113313744247
0.10377569025290048
0.10453464108142221
0.09762603379656544
0.10393702913448113
0.10240130926925395
0.1043043957710904
0.09796201145964863
0.10325841824425372
0.09998924893875669
0.09555290638556536
0.10009245668023689
0.09955487505679389
0.09564623643347984
0.1014576886940939
0.09603492742114178
0.09719738197766963
0.09559877659185917
0.09926908290628307
0.0961915608900505
0.10010848363669296
0.09519077286500299
0.1034542357529531
0.10409390428518195
0.09874765537876894
0.09820026571400593
0.09525943814474333
0.09585814508287793
0.09627895877149027
0.1001999225145831
0.0991487248212261
0.09961943079675638
0.09530131705714268
0.09586455056320745
0.098751117908386
0.10488533378452411
0.09645944223859115
0.10119887554398782
0.10468520134961057
0.10235667679720462
0.10103717570129508
0.1039898565359395
0.10398269552913858
0.10208068995209438
0.10444945886653531
0.10203608486364726
0.10210371136198691
0.1047040449631393
0.10381721257613097
0.09851495224480333
0.10448119881530198
0.09700110143811
0.10319655294641414
0.09836769578929926
0.104907938374957
0.10087004614845813
0.09682564652234116
0.09911987717594378
0.10219755925400842
0.09675087820281088
0.09959493138728943
0.10431121678828217
0.09623838895006548
0.09842532695514813
0.096557915085643
0.10169782967648525
0.10377569519618417
0.09766060292886854
0.1019905863259913
0.10089486058685573
0.10092264984584899
0.10186137461821757
0.10024997801535439
0.09609642538593537
0.10414136405953815
0.10214914893288399
0.10193966158133796
0.09659765224528478
0.09983248464364906
0.10060239032942771
0.10440338163397042
0.09796600039834984
0.10021930309847081
0.10231326452561594
0.09849627624969991
0.1012572709607844
0.10116613771754814
0.09916905667187895
0.09911041589241627
0.09903396585608293
0.09555258390261355
0.10013878603729764
0.0972438424895489
0.09804777016863174
0.10487894084561877
0.10214196470083518
0.10364175795220534
0.10217339661091025
0.09621325019171094
0.10234020962707681
0.0998740735736135
0.09515517697824133
0.1018893646681659
0.09869758963736228
0.0963697201221724
0.0963880495865438
0.09834600969217093
0.1011019119234384
0.09884396487839925
0.09897658173189763
0.10237472606275724
0.09786942862922397
0.0956508718042353
0.10238750550439309
0.09650172815953674
0.09829957786318744
0.10079926980490535
0.10479011450043191
0.0994743479829007
0.09774113860425276
0.09868630385986966
0.09668685401523217
0.09590692638198887
0.10075588235169661
0.10372365853394507
0.10025981926854997
0.10323663510127534
0.10295373781572574
0.09604032066213497
0.09844474501385245
0.09568376870965814
0.1019818942195616
0.10349616991626898
0.10216132392702724
0.10344146746453037
0.0974012130553371
0.102051553358408
0.10112651833397349
0.09906965893898023
0.1034141305606601
0.09821835674506264
0.10439722877589558
0.09589238421892284
0.09738405288097755
0.09793304535629604
0.09937860504139728
0.10173919913367871
0.1029063143534783
0.10295184819049467
0.09981175529469978
0.10202706082657519
0.10206151890284754
0.10313179064191376
0.10489753440637728
0.10168591665511827
0.10403662483197253
0.10491502452458204
0.09814621924167775
0.09519200371116783
0.09648439646705978
0.0999502848255795
0.10147598328467525
0.09854646542615146
0.10447683725667371
0.09856194327160654
0.09928459059685031
0.09681606652868276
0.10428854726059138
0.09606341182266442
0.10173646737841502
0.10377268807828761
0.10059563296681896
0.10182178238247029
0.09632700824653288
0.10005109883348352
0.10176028031479362
0.10317837392076193
0.09589576150630738
0.10082841551984302
0.09503119471804056
0.10117977335301523
0.10292236644797335
0.09750739940233732
0.096601998215571
0.10199788255525259
0.09910080802916049
0.10180548950171123
0.09749725041132178
0.09843530377470092
0.09881203527474652
0.09806138977289856
0.1021463828876288
0.09965135897116945
0.10495016154974338
0.09802414476096127
0.10100307934790974
0.10357583809152923
0.09696997524100223
0.10063702009109211
0.09912867891465928
0.09797280325899993
0.10484254741572921
0.10235239427534051
0.10008022757174764
0.09794571551482494
0.1023459957451136
0.10030483519852991
0.09587048139275947
0.10198059655751232
0.10238859259981571
0.09602598805642679
0.10146211802904449
0.09901636835215535
0.09761851911093757
0.10035017978506036
0.10140451488130675
0.09889083933753648
0.09719695066674536
0.1029488459526826
0.1023578708703139
0.10483428034339179
0.09942995685942117
0.10131504988566767
0.10086531399890264
0.0954388968995323
0.09727018545686154
0.10213773170566418
0.10045742191432616
0.09611453330458193
0.09709722135827302
0.09867375963345344
0.10469100348877888
0.10397428294888762
0.10296301542841442
0.10057600707099891
0.10042749060512876
0.10180353227965988
0.09967540794343585
0.10346617834456631
0.10322335273877932
0.10393382788375422
0.10087840005301574
0.09997285681937532
0.09856484492874373
0.09769049753685194
0.10153551462218514
0.10229366691816821
0.10015181963244128
0.09638303882344687
0.10478465637177849
0.09914657383795297
0.10136405374013431
0.10072361794327028
0.10102905137738179
0.10444412553224736
0.10255454317007728
0.09707530168684685
0.09592269564002052
0.0989974067415059
0.09982784691365396
0.10293068074942531
0.10022098184342552
0.09690274551736497
0.09638799868245886
0.09672881739315793
0.09541800034565368
0.09669595752443272
0.10189129816632221
0.10148638418776147
0.10021270852399267
0.10386503348309527
0.09634285399133284
0.0960982918527231
0.10383581909972807
0.09733368021198509
0.10419295322816977
0.09757878919570243
0.10418470190953819
0.09779086646844506
0.10373699763577633
0.09925604960126332
0.10075208388573552
0.10017092996366875
0.09637270735199538
0.10061905830425065
0.09706903396984952
0.10286113724627903
0.10129354770023476
0.10431889536544302
0.0989095883179364
0.10468456055635944
0.09622519995769273
0.1022700042470046
0.10162469127264404
0.09571117931699372
0.09530039337737387
0.10230818160691943
0.1015738558826583
0.09706652676931263
0.09665169793254248
0.09910028315863154
0.10427744480209604
0.10363965851023482
0.09597720563819546
0.10313539883853268
0.09817209962390484
0.10201042643835652
0.09506432551974964
0.09685668675387155
0.10397512542008026
0.10026252070225831
0.10055864461737903
0.09840592353197976
0.10491518759608577
0.1042964627701611
0.0953206493971046
0.09561059926800303
0.09858262828105081
0.09504225531531744
0.09892161748268162
0.09538412687681856
0.10077391459861436
0.09793801747998696
0.10176977614974106
0.10020146518693465
0.10046120467709779
0.09850077308463599
0.09629837304292159
0.09757242454052026
0.09606594956579909
0.10456197550376023
0.09700831421649185
0.10198467928883234
0.10317179405719859
0.09966599485503014
0.10188856089366334
0.1041014114217297
0.09784960434072186
0.0952187657337533
0.10198782429198908
0.10094479334393162
0.0976699247830449
0.10310213368309298
0.09560550147198243
0.09915822627298188
0.10493623411699625
0.10433367506497046
0.095866281891308
0.09509291860366863
0.09889230883404963
0.09600847435855243
0.09540518961894717
0.10343479362415173
0.10244058007966746
0.09999039066765289
0.10366162723210504
0.10120903822775348
0.09966018569889154
0.10437393425108757
0.095223098322027
0.09693138806152578
0.10060538551797646
0.10242642919740633
0.1005953784123279
0.09739799967506323
0.10213096112553616
0.09511655489706614
0.10362446615274538
0.102757780828711
0.10420889171931495
0.10287256218561336
0.10170730830799539
0.09551893276259883
0.09585023793644504
0.1018199881532991
0.10114774432855926
0.09813274342883575
0.10359769630867276
0.09692270892356632
0.0982646078236657
0.10095193092601383
0.09804525297059549
0.09969045343523388
0.09949254929549008
0.10103886584614254
0.1033617028597708
0.096309760122104
0.09805846023403911
0.10061747862650833
0.09729788953941941
0.097810143777644
0.09513026078099591
0.09678506848829456
0.1013565098205562
0.10492502626735618
0.10084399163490565
0.09816451262134557
0.10160287325978067
0.09639847776240988
0.10222831733229329
0.10128335089440385
0.10476378886636914
0.10200139911740361
0.09543078568532358
0.10096456845067153
0.09738383239044186
0.09647950289673607
0.10469287422559694
0.09917736358102325
0.10077835749175916
0.10416323147436322
0.09983177776448013
0.10233277515016212
0.09994511356841068
0.09551558385254658
0.09604502376391089
0.10284212007666757
0.09914005519294121
0.10360100990786127
0.0951812137409163
0.09738623925274079
0.10028296885652692
0.10200349549493122
0.0995310594714009
0.10454935120528205
0.10061613145942046
0.09677889645110965
0.09802036116136227
0.09678882604068459
0.09959835954798973
0.10200263545340603
0.10153161677653036
0.09746491021855773
0.09828515453432361
0.09775034777575815
0.099195388369853
0.09591397579930033
0.10332754450824741
0.09963650619342414
0.10399785083828858
0.10181401342653136
0.10051711651666735
0.10282131403615914
0.09838888434564072
0.10173179622001223
0.10274824070462296
0.0968005136985743
0.10345612027126765
0.09746839697885888
0.09967013643036365
0.10190270383239837
0.0980198521229411
0.09815481173890994
0.10045745991757524
0.0991543610748799
0.1016609606497381
0.09835255503122264
0.10173537356557508
0.10476500176899346
0.10423205973401954
0.09974657551596497
0.10389248092128764
0.09596098348667191
0.10059862292312448
0.10378362055657313
0.09967615763452417
0.10442800555347845
0.09819361193487526
0.10314848809879872
0.095456296508121
0.09738382476943233
0.09718824633550527
0.1010957372628676
0.10163399020302334
0.09982668372901152
0.10188452016096325
0.09549352298740642
0.10286803664798065
0.09716213570586678
0.0998390946540148
0.09544773936414643
0.09762230991775078
0.09507821621607591
0.09918391974197732
0.09724853936111788
0.09539344535826168
0.09635706450573495
0.09612607900111651
0.09883855176768616
0.10451780305002503
0.0964545408877517
0.09511311611461135
0.09902209776846026
0.10209291258607849
0.09887813891416292
0.10099422934554542
0.09969791381681843
0.10294106406384164
0.10237127883905119
0.10250168312846267
0.09962800559297964
0.09563222068485723
0.09892163840876002
0.09738826171498269
0.10164195424510361
0.10192999431596905
0.10272500854817064
0.10128887184740415
0.1002212707990905
0.09509491905984403
0.10169301578025988
0.09826082807484883
0.10378191640079643
0.09685032015673378
0.0957953800422912
0.10442083375311943
0.09802958995237479
0.10325631563856635
0.09507274126802477
0.099422450854648
0.1017002829381838
0.10192184024423506
0.09546232958774324
0.1024830081728829
0.1029303400494602
0.0963630345654445
0.09704008932367679
0.09584297069424705
0.10384851461701679
0.09663628120470093
0.10341246220187998
0.10000572578966271
0.1038892046849852
0.10194886064007666
0.0955683519874695
0.10415540291247549
0.09806119737894715
0.09691616644553623
0.09904285241466664
0.09806574183788039
0.09931332075103241
0.10271634606377773
0.09885631159791242
0.098907198596015
0.0959474999714612
0.10035319044810047
0.10119183590617208
0.10458876867827063
0.1046427671581217
0.09508140138794771
0.09809557339422183
0.09891725388262804
0.09689223950213963
0.09548396449075566
0.09602770205688116
0.09935345450070991
0.10204815267451874
0.09772841147267099
0.09676201893164096
0.10265239032822067
0.09648259256440428
0.09754589234581593
0.1020777416908668
0.0966644951077493
0.10383421059493192
0.09862774275770936
0.1033435836580647
0.09882787703889746
0.10094210057682458
0.09539962037774063
0.10468533104484883
0.0958316789500081
0.10237276047617329
0.09511782826053632
0.10313354812793907
0.09891379933865473
0.096298945319175
0.10242836381405197
0.09582999594072018
0.1013616898116892
0.09647523759448864
0.09504129881296883
0.09597674160474098
0.10055721613830752
0.10226422644575217
0.1011444295762805
0.10017515993558536
0.10352121800375162
0.0994667865369048
0.1018456374267719
0.10225360136274186
0.10098127263627146
0.10214923269422783
0.09894962667560593
0.09710256654536077
0.10384137639161686
0.10331536254856681
0.09915787967949603
0.09517501749093953
0.09531226344482491
0.09618650258545379
0.09634329380165084
0.1033351959316527
0.09635060181178691
0.10354754112491761
0.09796524563092941
0.10125985460320903
0.09675819150968357
0.1005046950626901
0.09612939510163707
0.09928520027715039
0.09515580913213564
0.10030980725371325
0.09517045664045821
0.09863095102080406
0.09997917820781946
0.10252270220787357
0.10254083510044577
0.09560509428649339
0.10019077270260089
0.10415841140553282
0.09912649740167567
0.09874414813812739
0.10238190682417049
0.09603313167923755
0.10445209955007709
0.1021771883936256
0.10072215236586805
0.09784745201673463
0.10230843298848512
0.1000299605495494
0.10083557004819085
0.09761961835193358
0.09655711860775874
0.09830266108074288
0.09808638997582089
0.10296639516247275
0.10146817968262144
0.10097741667492958
0.09542189310225245
0.09509091632880112
0.10017527530296207
0.0957238395026021
0.09963059402939096
0.10447142856990832
0.10007200265372043
0.10495600101085115
0.10263675500893268
0.10320903016025926
0.09563239709984159
0.10449494603146581
0.10447149043606922
0.10103018613734606
0.10415703336556548
0.09588635670060397
0.09672766667062034
0.0972023615395841
0.10367009665153985
0.09954051880241808
0.10307667879209713
0.10241500159923218
0.10021960663855531
0.10208829549523617
0.09751874081937661
0.10172123258200869
0.09880462868944163
0.10167653220595367
0.09824556340652606
0.09795194142293327
0.1048119589908388
0.10202277181400388
0.10210950615382203
0.09775047774611388
0.10199078033449832
0.09950903979219594
0.09645902978487633
0.10499030831380231
0.09829803817368211
0.10091601344420681
0.101763886035577
0.09738595417633011
0.10123300560366198
0.10253006631365875
0.10406176534813459
0.09709733617206738
0.09738457196305224
0.09832104205125908
0.09681577225396919
0.10135160379111498
0.1022836978493001
0.1035937313811511
0.10403231086295188
0.1028331172949148
0.09599881166037512
0.09886395385687029
0.09585376026511154
0.10401575624931868
0.09898628481997465
0.1042852804004819
0.1042645588933952
0.10307428172208506
0.09788141579466382
0.10152206373988586
0.10142881603284473
0.09626348276090109
0.09900159203052086
0.1023445796898747
0.1046242047586401
0.10427204076952036
0.1012419344924108
0.10349156587162647
0.10188425199650394
0.09675705288589403
0.09546228261909423
0.09645843514302853
0.10284386788161294
0.09628327766024923
0.10066264179973002
0.09580235478731007
0.0958247820616021
0.0970635948113949
0.10067469558210357
0.10024676023958372
0.10455731702329116
0.10197607112689655
0.10013212295651973
0.09690516500917493
0.10252993399390971
0.09715211676920844
0.09650939082866214
0.10459117250260327
0.09513164451260499
0.10092839973648106
0.09854074868823033
0.0959501429355888
0.09543134339707862
0.10034962191341534
0.1041192808937658
0.09846197949710944
0.10112517768725576
0.10383931731265943
0.09933059462152768
0.09788371222098419
0.10199534886099346
0.10090782216652412
0.09910822668463308
0.09925347094402888
0.09950314092488559
0.10234731291447342
0.09546268769078307
0.10054465458320207
0.09884828578844546
0.09558616387092064
0.09602435147575754
0.09987424110342513
0.09525463248554576
0.09960170280927763
0.10031328925300088
0.10476555373350485
0.10055523385144878
0.1014271079994033
0.09733200349920884
0.10186754493009066
0.10113577649937298
0.0961837375231743
0.09989387687657429
0.10471241729176771
0.09880786577193644
0.09687697592473203
0.10235473707458358
0.10273869412821858
0.10061877604834463
0.09957448513586896
0.09673804820474999
0.09810975369718292
0.10123014542151251
0.09781902670486382
0.0987344418845103
0.09933765318476674
0.10239915642810335
0.09990137448681878
0.09817029025956818
0.09881529371179701
0.099378975508419
0.09967984654341741
0.09678246294610482
0.10075946890874915
0.10085828565116242
0.10294376135828257
0.09857702456217945
0.09655570049960262
0.10243801734246852
0.09635218960101184
0.10433959337116112
0.10295518507599488
0.09833008188181505
0.09703774281321496
0.09840570330656223
0.09514112508618164
0.09762927298979472
0.09844031888046198
0.09610370570429207
0.09841984592043884
0.10314713563959976
0.09925732542161445
0.09901030242937968
0.09633669193175612
0.0985542417295839
0.09605809987806606
0.10199598178753806
0.10312055294972852
0.09567168486449378
0.1023708426312153
0.10424543546682462
0.09524583627132716
0.10327317644740942
0.09585668352559953
0.10293578857700597
0.10032365766885804
0.09946842388442226
0.09906207724113579
0.09981378736027371
0.09551319148577661
0.0994955224211595
0.09890276101326628
0.10197773877358297
0.10464366491532763
0.09986777687491898
0.10345647763843241
0.09898827117246901
0.09531791339664801
0.09941456472880847
0.09857685919335278
0.10274969236744053
0.09733557905190336
0.09893615690931601
0.10251964627723734
0.09689375114403628
0.10305233232743823
0.09897234488967045
0.09933746888788202
0.09878676117680822
0.09979833257350279
0.10274921488827451
0.10331236190765926
0.10379025330682959
0.10416424004230355
0.09800837928340705
0.09988451174690419
0.09689636274116405
0.10029610771601076
0.10031961923011108
0.10050157898365171
0.10442327552992865
0.10342379717933281
0.10472562215807611
0.09578462327269463
0.10470535613448151
0.10311307207398629
0.10047239484124572
0.09752389153609285
0.10176936529092587
0.0973333616070438
0.10401421375094569
0.09722087348167276
0.10407123992663168
0.0993309806242408
0.10418159533551642
0.0997883213565266
0.0952817618578824
0.100254034474937
0.10359871086385519
0.10249637775077558
0.10449475161716958
0.09532130322532859
0.09709001450202735
0.10289924880248418
0.10259821508481977
0.10099951261005699
0.09536712655127473
0.10192567386442768
0.09630999685858067
0.10044599540423776
0.10320629315747049
0.09508689871728185
0.09877508700996995
0.1043368392110555
0.1006033145467763
0.10306308115910687
0.09853722903274076
0.10196638329846573
0.10151787194333675
0.10497460733480453
0.09951350250523908
0.1031533336718013
0.10147711815063946
0.09852318911359957
0.09870578572353524
0.09738460816837964
0.10389167607740923
0.09759975978880846
0.09928223917817142
0.10174093212391296
0.0997240779225349
0.09544068659636003
0.09965230379419351
0.1039114543331215
0.10007150950405722
0.10379631008464298
0.10466675372121921
0.10446480765561231
0.098241618998335
0.09766484142208326
0.09904289146446629
0.09724359935075143
0.10465258358519224
0.09527489511018564
0.0952960274720382
0.09781919139607306
0.09716738261175942
0.10055191463501414
0.10412880947417327
0.09588082388041923
0.1023050934898407
0.1046606187081353
0.09942282142127773
0.09547010111319473
0.09523479795604138
0.09716484969583442
0.09575325810246621
0.10270228700131259
0.09594208317899566
0.10014020358689854
0.10247008130270625
0.0964703680296375
0.10351050519964608
0.1009391891619035
0.10395929535653564
0.1011810481532885
0.09758098081066693
0.10453147994131104
0.10343008223385645
0.09697812023864547
0.10179621799878187
0.097601442637236
0.10390530344905956
0.10051517397019415
0.10364980626066837
0.09521401294049264
0.10026922835537878
0.10428551554267157
0.09735813441716756
0.09885912453751346
0.1049046978016349
0.09825743125421788
0.097897786776336
0.09751370821576451
0.09865323370896077
0.09786811048571321
0.10175201895328997
0.10424580559267442
0.10404209029598746
0.10119278955824852
0.09542055677957254
0.09537524369510265
0.10338042219844318
0.10139165612792751
0.1017131264207055
0.10328626828252077
0.09615907025877964
0.10418820741915757
0.09903276510089351
0.09713853714378769
0.09741107416782754
0.0992742595744987
0.0984951397314415
0.10140484432349138
0.10143724444083803
0.09777098885094117
0.10162456732194307
0.09960977826152377
0.09947460728260264
0.10489726546537985
0.09934771386524169
0.10231863557094467
0.09590461670853843
0.09703619542835155
0.10450851383923533
0.09583136882441456
0.10468934019612779
0.10419633873279767
0.09627927822433838
0.09780492947856997
0.10119967845632227
0.09665217725295919
0.10400541006307966
0.09676862594098302
0.09575014109197055
0.09766831936624637
0.09846677176044344
0.09953789397418478
0.09843490754751692
0.1038428989496973
0.10226251888350629
0.09637258755108573
0.09948790925823905
0.10018612370348014
0.095349005210815
0.0960298453088789
0.10452683542160408
0.1012526094533206
0.09975597423833196
0.10385372532814825
0.10410409590137816
0.1043176009871146
0.09989887201796144
0.10178024995352261
0.1004448301684509
0.09830174973901708
0.09884868304328709
0.09600936327128823
0.0986196355663715
0.09716405263499357
0.09779758411206643
0.10100355215221357
0.10397310273963337
0.1019440265663366
0.10056081038132215
0.10442886344475712
0.09655287155585322
0.10479948438524264
0.10119004712363791
0.09566419840235851
0.10167917122846479
0.10400133488037046
0.09622027951245828
0.10455696725704311
0.10352181773072132
0.10415905615404603
0.09501442008367293
0.09904438547207335
0.10238505048301137
0.09908240383249699
0.10464676466923081
